xbins=30
Q2bins=24
Ebins=1
	x	Q2	E	Central_Value	Replica_1		Replica_2		Replica_3		Replica_4		Replica_5		Replica_6		Replica_7		Replica_8		
0	0	0	0	6.934575e-05	-7.056500e-07	-5.058300e-07	4.434900e-07	-1.013000e-08	7.191000e-08	1.944800e-07	1.298300e-07	7.000000e-11

1	0	1	0	8.565551e-05	-8.678900e-07	-6.219500e-07	5.494600e-07	-9.880000e-09	8.646000e-08	2.366500e-07	1.544500e-07	1.400000e-10

2	0	2	0	9.618902e-05	-9.654700e-07	-6.916000e-07	6.213300e-07	-4.420000e-09	9.127000e-08	2.570200e-07	1.587400e-07	3.100000e-10

3	0	3	0	9.491414e-05	-9.371200e-07	-6.712100e-07	6.209400e-07	7.600000e-09	8.000000e-08	2.387800e-07	1.311000e-07	6.300000e-10

4	0	4	0	9.277954e-05	-9.068100e-07	-6.503800e-07	6.130900e-07	1.578000e-08	7.180000e-08	2.244900e-07	1.116300e-07	8.900000e-10

5	0	5	0	9.245104e-05	-9.039900e-07	-6.501400e-07	6.134800e-07	1.772000e-08	7.099000e-08	2.238300e-07	1.092900e-07	1.020000e-09

6	0	6	0	9.321505e-05	-9.182600e-07	-6.624800e-07	6.183200e-07	1.525000e-08	7.505000e-08	2.319200e-07	1.184300e-07	1.040000e-09

7	0	7	0	9.463538e-05	-9.432100e-07	-6.825100e-07	6.253700e-07	9.560000e-09	8.235000e-08	2.456300e-07	1.353300e-07	9.600000e-10

8	0	8	0	9.641213e-05	-9.743000e-07	-7.068000e-07	6.332000e-07	1.620000e-09	9.173000e-08	2.627600e-07	1.572900e-07	8.000000e-10

9	0	9	0	9.833792e-05	-1.008360e-06	-7.329700e-07	6.408700e-07	-7.850000e-09	1.023300e-07	2.817200e-07	1.823200e-07	5.800000e-10

10	0	10	0	1.002804e-04	-1.043290e-06	-7.594500e-07	6.479000e-07	-1.830000e-08	1.136000e-07	3.015000e-07	2.090000e-07	3.000000e-10

11	0	11	0	1.021470e-04	-1.077700e-06	-7.853000e-07	6.537000e-07	-2.940000e-08	1.249000e-07	3.212000e-07	2.363000e-07	0.000000e+00

12	0	12	0	1.038835e-04	-1.110600e-06	-8.097000e-07	6.584000e-07	-4.070000e-08	1.362000e-07	3.403000e-07	2.634000e-07	-4.000000e-10

13	0	13	0	1.054547e-04	-1.141200e-06	-8.322000e-07	6.619000e-07	-5.200000e-08	1.471000e-07	3.587000e-07	2.900000e-07	-7.000000e-10

14	0	14	0	1.068436e-04	-1.169500e-06	-8.528000e-07	6.641000e-07	-6.320000e-08	1.576000e-07	3.759000e-07	3.156000e-07	-1.100000e-09

15	0	15	0	1.080429e-04	-1.195000e-06	-8.711000e-07	6.651000e-07	-7.410000e-08	1.675000e-07	3.920000e-07	3.399000e-07	-1.500000e-09

16	0	16	0	1.090530e-04	-1.217900e-06	-8.874000e-07	6.649000e-07	-8.470000e-08	1.767000e-07	4.067000e-07	3.629000e-07	-1.900000e-09

17	0	17	0	1.098792e-04	-1.238100e-06	-9.015000e-07	6.638000e-07	-9.490000e-08	1.853000e-07	4.202000e-07	3.845000e-07	-2.300000e-09

18	0	18	0	1.105298e-04	-1.255600e-06	-9.136000e-07	6.617000e-07	-1.045000e-07	1.933000e-07	4.325000e-07	4.046000e-07	-2.600000e-09

19	0	19	0	1.110151e-04	-1.270700e-06	-9.238000e-07	6.586000e-07	-1.138000e-07	2.006000e-07	4.434000e-07	4.231000e-07	-3.100000e-09

20	0	20	0	1.113464e-04	-1.283400e-06	-9.321000e-07	6.549000e-07	-1.225000e-07	2.073000e-07	4.532000e-07	4.403000e-07	-3.500000e-09

21	0	21	0	1.115350e-04	-1.293800e-06	-9.387000e-07	6.506000e-07	-1.307000e-07	2.134000e-07	4.620000e-07	4.562000e-07	-3.700000e-09

22	0	22	0	1.115932e-04	-1.302300e-06	-9.439000e-07	6.456000e-07	-1.385000e-07	2.189000e-07	4.696000e-07	4.706000e-07	-4.200000e-09

23	0	23	0	1.115316e-04	-1.308800e-06	-9.475000e-07	6.402000e-07	-1.457000e-07	2.239000e-07	4.763000e-07	4.838000e-07	-4.500000e-09

24	1	0	0	6.934575e-05	-7.056500e-07	-5.058300e-07	4.434900e-07	-1.013000e-08	7.191000e-08	1.944800e-07	1.298300e-07	7.000000e-11

25	1	1	0	8.565551e-05	-8.678900e-07	-6.219500e-07	5.494600e-07	-9.880000e-09	8.646000e-08	2.366500e-07	1.544500e-07	1.400000e-10

26	1	2	0	9.618902e-05	-9.654700e-07	-6.916000e-07	6.213300e-07	-4.420000e-09	9.127000e-08	2.570200e-07	1.587400e-07	3.100000e-10

27	1	3	0	9.491414e-05	-9.371200e-07	-6.712100e-07	6.209400e-07	7.600000e-09	8.000000e-08	2.387800e-07	1.311000e-07	6.300000e-10

28	1	4	0	9.277954e-05	-9.068100e-07	-6.503800e-07	6.130900e-07	1.578000e-08	7.180000e-08	2.244900e-07	1.116300e-07	8.900000e-10

29	1	5	0	9.245104e-05	-9.039900e-07	-6.501400e-07	6.134800e-07	1.772000e-08	7.099000e-08	2.238300e-07	1.092900e-07	1.020000e-09

30	1	6	0	9.321505e-05	-9.182600e-07	-6.624800e-07	6.183200e-07	1.525000e-08	7.505000e-08	2.319200e-07	1.184300e-07	1.040000e-09

31	1	7	0	9.463538e-05	-9.432100e-07	-6.825100e-07	6.253700e-07	9.560000e-09	8.235000e-08	2.456300e-07	1.353300e-07	9.600000e-10

32	1	8	0	9.641213e-05	-9.743000e-07	-7.068000e-07	6.332000e-07	1.620000e-09	9.173000e-08	2.627600e-07	1.572900e-07	8.000000e-10

33	1	9	0	9.833792e-05	-1.008360e-06	-7.329700e-07	6.408700e-07	-7.850000e-09	1.023300e-07	2.817200e-07	1.823200e-07	5.800000e-10

34	1	10	0	1.002804e-04	-1.043290e-06	-7.594500e-07	6.479000e-07	-1.830000e-08	1.136000e-07	3.015000e-07	2.090000e-07	3.000000e-10

35	1	11	0	1.021470e-04	-1.077700e-06	-7.853000e-07	6.537000e-07	-2.940000e-08	1.249000e-07	3.212000e-07	2.363000e-07	0.000000e+00

36	1	12	0	1.038835e-04	-1.110600e-06	-8.097000e-07	6.584000e-07	-4.070000e-08	1.362000e-07	3.403000e-07	2.634000e-07	-4.000000e-10

37	1	13	0	1.054547e-04	-1.141200e-06	-8.322000e-07	6.619000e-07	-5.200000e-08	1.471000e-07	3.587000e-07	2.900000e-07	-7.000000e-10

38	1	14	0	1.068436e-04	-1.169500e-06	-8.528000e-07	6.641000e-07	-6.320000e-08	1.576000e-07	3.759000e-07	3.156000e-07	-1.100000e-09

39	1	15	0	1.080429e-04	-1.195000e-06	-8.711000e-07	6.651000e-07	-7.410000e-08	1.675000e-07	3.920000e-07	3.399000e-07	-1.500000e-09

40	1	16	0	1.090530e-04	-1.217900e-06	-8.874000e-07	6.649000e-07	-8.470000e-08	1.767000e-07	4.067000e-07	3.629000e-07	-1.900000e-09

41	1	17	0	1.098792e-04	-1.238100e-06	-9.015000e-07	6.638000e-07	-9.490000e-08	1.853000e-07	4.202000e-07	3.845000e-07	-2.300000e-09

42	1	18	0	1.105298e-04	-1.255600e-06	-9.136000e-07	6.617000e-07	-1.045000e-07	1.933000e-07	4.325000e-07	4.046000e-07	-2.600000e-09

43	1	19	0	1.110151e-04	-1.270700e-06	-9.238000e-07	6.586000e-07	-1.138000e-07	2.006000e-07	4.434000e-07	4.231000e-07	-3.100000e-09

44	1	20	0	1.113464e-04	-1.283400e-06	-9.321000e-07	6.549000e-07	-1.225000e-07	2.073000e-07	4.532000e-07	4.403000e-07	-3.500000e-09

45	1	21	0	1.115350e-04	-1.293800e-06	-9.387000e-07	6.506000e-07	-1.307000e-07	2.134000e-07	4.620000e-07	4.562000e-07	-3.700000e-09

46	1	22	0	1.115932e-04	-1.302300e-06	-9.439000e-07	6.456000e-07	-1.385000e-07	2.189000e-07	4.696000e-07	4.706000e-07	-4.200000e-09

47	1	23	0	1.115316e-04	-1.308800e-06	-9.475000e-07	6.402000e-07	-1.457000e-07	2.239000e-07	4.763000e-07	4.838000e-07	-4.500000e-09

48	2	0	0	6.934575e-05	-7.056500e-07	-5.058300e-07	4.434900e-07	-1.013000e-08	7.191000e-08	1.944800e-07	1.298300e-07	7.000000e-11

49	2	1	0	8.565551e-05	-8.678900e-07	-6.219500e-07	5.494600e-07	-9.880000e-09	8.646000e-08	2.366500e-07	1.544500e-07	1.400000e-10

50	2	2	0	9.618902e-05	-9.654700e-07	-6.916000e-07	6.213300e-07	-4.420000e-09	9.127000e-08	2.570200e-07	1.587400e-07	3.100000e-10

51	2	3	0	9.491414e-05	-9.371200e-07	-6.712100e-07	6.209400e-07	7.600000e-09	8.000000e-08	2.387800e-07	1.311000e-07	6.300000e-10

52	2	4	0	9.277954e-05	-9.068100e-07	-6.503800e-07	6.130900e-07	1.578000e-08	7.180000e-08	2.244900e-07	1.116300e-07	8.900000e-10

53	2	5	0	9.245104e-05	-9.039900e-07	-6.501400e-07	6.134800e-07	1.772000e-08	7.099000e-08	2.238300e-07	1.092900e-07	1.020000e-09

54	2	6	0	9.321505e-05	-9.182600e-07	-6.624800e-07	6.183200e-07	1.525000e-08	7.505000e-08	2.319200e-07	1.184300e-07	1.040000e-09

55	2	7	0	9.463538e-05	-9.432100e-07	-6.825100e-07	6.253700e-07	9.560000e-09	8.235000e-08	2.456300e-07	1.353300e-07	9.600000e-10

56	2	8	0	9.641213e-05	-9.743000e-07	-7.068000e-07	6.332000e-07	1.620000e-09	9.173000e-08	2.627600e-07	1.572900e-07	8.000000e-10

57	2	9	0	9.833792e-05	-1.008360e-06	-7.329700e-07	6.408700e-07	-7.850000e-09	1.023300e-07	2.817200e-07	1.823200e-07	5.800000e-10

58	2	10	0	1.002804e-04	-1.043290e-06	-7.594500e-07	6.479000e-07	-1.830000e-08	1.136000e-07	3.015000e-07	2.090000e-07	3.000000e-10

59	2	11	0	1.021470e-04	-1.077700e-06	-7.853000e-07	6.537000e-07	-2.940000e-08	1.249000e-07	3.212000e-07	2.363000e-07	0.000000e+00

60	2	12	0	1.038835e-04	-1.110600e-06	-8.097000e-07	6.584000e-07	-4.070000e-08	1.362000e-07	3.403000e-07	2.634000e-07	-4.000000e-10

61	2	13	0	1.054547e-04	-1.141200e-06	-8.322000e-07	6.619000e-07	-5.200000e-08	1.471000e-07	3.587000e-07	2.900000e-07	-7.000000e-10

62	2	14	0	1.068436e-04	-1.169500e-06	-8.528000e-07	6.641000e-07	-6.320000e-08	1.576000e-07	3.759000e-07	3.156000e-07	-1.100000e-09

63	2	15	0	1.080429e-04	-1.195000e-06	-8.711000e-07	6.651000e-07	-7.410000e-08	1.675000e-07	3.920000e-07	3.399000e-07	-1.500000e-09

64	2	16	0	1.090530e-04	-1.217900e-06	-8.874000e-07	6.649000e-07	-8.470000e-08	1.767000e-07	4.067000e-07	3.629000e-07	-1.900000e-09

65	2	17	0	1.098792e-04	-1.238100e-06	-9.015000e-07	6.638000e-07	-9.490000e-08	1.853000e-07	4.202000e-07	3.845000e-07	-2.300000e-09

66	2	18	0	1.105298e-04	-1.255600e-06	-9.136000e-07	6.617000e-07	-1.045000e-07	1.933000e-07	4.325000e-07	4.046000e-07	-2.600000e-09

67	2	19	0	1.110151e-04	-1.270700e-06	-9.238000e-07	6.586000e-07	-1.138000e-07	2.006000e-07	4.434000e-07	4.231000e-07	-3.100000e-09

68	2	20	0	1.113464e-04	-1.283400e-06	-9.321000e-07	6.549000e-07	-1.225000e-07	2.073000e-07	4.532000e-07	4.403000e-07	-3.500000e-09

69	2	21	0	1.115350e-04	-1.293800e-06	-9.387000e-07	6.506000e-07	-1.307000e-07	2.134000e-07	4.620000e-07	4.562000e-07	-3.700000e-09

70	2	22	0	1.115932e-04	-1.302300e-06	-9.439000e-07	6.456000e-07	-1.385000e-07	2.189000e-07	4.696000e-07	4.706000e-07	-4.200000e-09

71	2	23	0	1.115316e-04	-1.308800e-06	-9.475000e-07	6.402000e-07	-1.457000e-07	2.239000e-07	4.763000e-07	4.838000e-07	-4.500000e-09

72	3	0	0	6.934575e-05	-7.056500e-07	-5.058300e-07	4.434900e-07	-1.013000e-08	7.191000e-08	1.944800e-07	1.298300e-07	7.000000e-11

73	3	1	0	8.565551e-05	-8.678900e-07	-6.219500e-07	5.494600e-07	-9.880000e-09	8.646000e-08	2.366500e-07	1.544500e-07	1.400000e-10

74	3	2	0	9.618902e-05	-9.654700e-07	-6.916000e-07	6.213300e-07	-4.420000e-09	9.127000e-08	2.570200e-07	1.587400e-07	3.100000e-10

75	3	3	0	9.491414e-05	-9.371200e-07	-6.712100e-07	6.209400e-07	7.600000e-09	8.000000e-08	2.387800e-07	1.311000e-07	6.300000e-10

76	3	4	0	9.277954e-05	-9.068100e-07	-6.503800e-07	6.130900e-07	1.578000e-08	7.180000e-08	2.244900e-07	1.116300e-07	8.900000e-10

77	3	5	0	9.245104e-05	-9.039900e-07	-6.501400e-07	6.134800e-07	1.772000e-08	7.099000e-08	2.238300e-07	1.092900e-07	1.020000e-09

78	3	6	0	9.321505e-05	-9.182600e-07	-6.624800e-07	6.183200e-07	1.525000e-08	7.505000e-08	2.319200e-07	1.184300e-07	1.040000e-09

79	3	7	0	9.463538e-05	-9.432100e-07	-6.825100e-07	6.253700e-07	9.560000e-09	8.235000e-08	2.456300e-07	1.353300e-07	9.600000e-10

80	3	8	0	9.641213e-05	-9.743000e-07	-7.068000e-07	6.332000e-07	1.620000e-09	9.173000e-08	2.627600e-07	1.572900e-07	8.000000e-10

81	3	9	0	9.833792e-05	-1.008360e-06	-7.329700e-07	6.408700e-07	-7.850000e-09	1.023300e-07	2.817200e-07	1.823200e-07	5.800000e-10

82	3	10	0	1.002804e-04	-1.043290e-06	-7.594500e-07	6.479000e-07	-1.830000e-08	1.136000e-07	3.015000e-07	2.090000e-07	3.000000e-10

83	3	11	0	1.021470e-04	-1.077700e-06	-7.853000e-07	6.537000e-07	-2.940000e-08	1.249000e-07	3.212000e-07	2.363000e-07	0.000000e+00

84	3	12	0	1.038835e-04	-1.110600e-06	-8.097000e-07	6.584000e-07	-4.070000e-08	1.362000e-07	3.403000e-07	2.634000e-07	-4.000000e-10

85	3	13	0	1.054547e-04	-1.141200e-06	-8.322000e-07	6.619000e-07	-5.200000e-08	1.471000e-07	3.587000e-07	2.900000e-07	-7.000000e-10

86	3	14	0	1.068436e-04	-1.169500e-06	-8.528000e-07	6.641000e-07	-6.320000e-08	1.576000e-07	3.759000e-07	3.156000e-07	-1.100000e-09

87	3	15	0	1.080429e-04	-1.195000e-06	-8.711000e-07	6.651000e-07	-7.410000e-08	1.675000e-07	3.920000e-07	3.399000e-07	-1.500000e-09

88	3	16	0	1.090530e-04	-1.217900e-06	-8.874000e-07	6.649000e-07	-8.470000e-08	1.767000e-07	4.067000e-07	3.629000e-07	-1.900000e-09

89	3	17	0	1.098792e-04	-1.238100e-06	-9.015000e-07	6.638000e-07	-9.490000e-08	1.853000e-07	4.202000e-07	3.845000e-07	-2.300000e-09

90	3	18	0	1.105298e-04	-1.255600e-06	-9.136000e-07	6.617000e-07	-1.045000e-07	1.933000e-07	4.325000e-07	4.046000e-07	-2.600000e-09

91	3	19	0	1.110151e-04	-1.270700e-06	-9.238000e-07	6.586000e-07	-1.138000e-07	2.006000e-07	4.434000e-07	4.231000e-07	-3.100000e-09

92	3	20	0	1.113464e-04	-1.283400e-06	-9.321000e-07	6.549000e-07	-1.225000e-07	2.073000e-07	4.532000e-07	4.403000e-07	-3.500000e-09

93	3	21	0	1.115350e-04	-1.293800e-06	-9.387000e-07	6.506000e-07	-1.307000e-07	2.134000e-07	4.620000e-07	4.562000e-07	-3.700000e-09

94	3	22	0	1.115932e-04	-1.302300e-06	-9.439000e-07	6.456000e-07	-1.385000e-07	2.189000e-07	4.696000e-07	4.706000e-07	-4.200000e-09

95	3	23	0	1.115316e-04	-1.308800e-06	-9.475000e-07	6.402000e-07	-1.457000e-07	2.239000e-07	4.763000e-07	4.838000e-07	-4.500000e-09

96	4	0	0	6.934575e-05	-7.056500e-07	-5.058300e-07	4.434900e-07	-1.013000e-08	7.191000e-08	1.944800e-07	1.298300e-07	7.000000e-11

97	4	1	0	8.565551e-05	-8.678900e-07	-6.219500e-07	5.494600e-07	-9.880000e-09	8.646000e-08	2.366500e-07	1.544500e-07	1.400000e-10

98	4	2	0	9.618902e-05	-9.654700e-07	-6.916000e-07	6.213300e-07	-4.420000e-09	9.127000e-08	2.570200e-07	1.587400e-07	3.100000e-10

99	4	3	0	9.491414e-05	-9.371200e-07	-6.712100e-07	6.209400e-07	7.600000e-09	8.000000e-08	2.387800e-07	1.311000e-07	6.300000e-10

100	4	4	0	9.277954e-05	-9.068100e-07	-6.503800e-07	6.130900e-07	1.578000e-08	7.180000e-08	2.244900e-07	1.116300e-07	8.900000e-10

101	4	5	0	9.245104e-05	-9.039900e-07	-6.501400e-07	6.134800e-07	1.772000e-08	7.099000e-08	2.238300e-07	1.092900e-07	1.020000e-09

102	4	6	0	9.321505e-05	-9.182600e-07	-6.624800e-07	6.183200e-07	1.525000e-08	7.505000e-08	2.319200e-07	1.184300e-07	1.040000e-09

103	4	7	0	9.463538e-05	-9.432100e-07	-6.825100e-07	6.253700e-07	9.560000e-09	8.235000e-08	2.456300e-07	1.353300e-07	9.600000e-10

104	4	8	0	9.641213e-05	-9.743000e-07	-7.068000e-07	6.332000e-07	1.620000e-09	9.173000e-08	2.627600e-07	1.572900e-07	8.000000e-10

105	4	9	0	9.833792e-05	-1.008360e-06	-7.329700e-07	6.408700e-07	-7.850000e-09	1.023300e-07	2.817200e-07	1.823200e-07	5.800000e-10

106	4	10	0	1.002804e-04	-1.043290e-06	-7.594500e-07	6.479000e-07	-1.830000e-08	1.136000e-07	3.015000e-07	2.090000e-07	3.000000e-10

107	4	11	0	1.021470e-04	-1.077700e-06	-7.853000e-07	6.537000e-07	-2.940000e-08	1.249000e-07	3.212000e-07	2.363000e-07	0.000000e+00

108	4	12	0	1.038835e-04	-1.110600e-06	-8.097000e-07	6.584000e-07	-4.070000e-08	1.362000e-07	3.403000e-07	2.634000e-07	-4.000000e-10

109	4	13	0	1.054547e-04	-1.141200e-06	-8.322000e-07	6.619000e-07	-5.200000e-08	1.471000e-07	3.587000e-07	2.900000e-07	-7.000000e-10

110	4	14	0	1.068436e-04	-1.169500e-06	-8.528000e-07	6.641000e-07	-6.320000e-08	1.576000e-07	3.759000e-07	3.156000e-07	-1.100000e-09

111	4	15	0	1.080429e-04	-1.195000e-06	-8.711000e-07	6.651000e-07	-7.410000e-08	1.675000e-07	3.920000e-07	3.399000e-07	-1.500000e-09

112	4	16	0	1.090530e-04	-1.217900e-06	-8.874000e-07	6.649000e-07	-8.470000e-08	1.767000e-07	4.067000e-07	3.629000e-07	-1.900000e-09

113	4	17	0	1.098792e-04	-1.238100e-06	-9.015000e-07	6.638000e-07	-9.490000e-08	1.853000e-07	4.202000e-07	3.845000e-07	-2.300000e-09

114	4	18	0	1.105298e-04	-1.255600e-06	-9.136000e-07	6.617000e-07	-1.045000e-07	1.933000e-07	4.325000e-07	4.046000e-07	-2.600000e-09

115	4	19	0	1.110151e-04	-1.270700e-06	-9.238000e-07	6.586000e-07	-1.138000e-07	2.006000e-07	4.434000e-07	4.231000e-07	-3.100000e-09

116	4	20	0	1.113464e-04	-1.283400e-06	-9.321000e-07	6.549000e-07	-1.225000e-07	2.073000e-07	4.532000e-07	4.403000e-07	-3.500000e-09

117	4	21	0	1.115350e-04	-1.293800e-06	-9.387000e-07	6.506000e-07	-1.307000e-07	2.134000e-07	4.620000e-07	4.562000e-07	-3.700000e-09

118	4	22	0	1.115932e-04	-1.302300e-06	-9.439000e-07	6.456000e-07	-1.385000e-07	2.189000e-07	4.696000e-07	4.706000e-07	-4.200000e-09

119	4	23	0	1.115316e-04	-1.308800e-06	-9.475000e-07	6.402000e-07	-1.457000e-07	2.239000e-07	4.763000e-07	4.838000e-07	-4.500000e-09

120	5	0	0	6.934575e-05	-7.056500e-07	-5.058300e-07	4.434900e-07	-1.013000e-08	7.191000e-08	1.944800e-07	1.298300e-07	7.000000e-11

121	5	1	0	8.565551e-05	-8.678900e-07	-6.219500e-07	5.494600e-07	-9.880000e-09	8.646000e-08	2.366500e-07	1.544500e-07	1.400000e-10

122	5	2	0	9.618902e-05	-9.654700e-07	-6.916000e-07	6.213300e-07	-4.420000e-09	9.127000e-08	2.570200e-07	1.587400e-07	3.100000e-10

123	5	3	0	9.491414e-05	-9.371200e-07	-6.712100e-07	6.209400e-07	7.600000e-09	8.000000e-08	2.387800e-07	1.311000e-07	6.300000e-10

124	5	4	0	9.277954e-05	-9.068100e-07	-6.503800e-07	6.130900e-07	1.578000e-08	7.180000e-08	2.244900e-07	1.116300e-07	8.900000e-10

125	5	5	0	9.245104e-05	-9.039900e-07	-6.501400e-07	6.134800e-07	1.772000e-08	7.099000e-08	2.238300e-07	1.092900e-07	1.020000e-09

126	5	6	0	9.321505e-05	-9.182600e-07	-6.624800e-07	6.183200e-07	1.525000e-08	7.505000e-08	2.319200e-07	1.184300e-07	1.040000e-09

127	5	7	0	9.463538e-05	-9.432100e-07	-6.825100e-07	6.253700e-07	9.560000e-09	8.235000e-08	2.456300e-07	1.353300e-07	9.600000e-10

128	5	8	0	9.641213e-05	-9.743000e-07	-7.068000e-07	6.332000e-07	1.620000e-09	9.173000e-08	2.627600e-07	1.572900e-07	8.000000e-10

129	5	9	0	9.833792e-05	-1.008360e-06	-7.329700e-07	6.408700e-07	-7.850000e-09	1.023300e-07	2.817200e-07	1.823200e-07	5.800000e-10

130	5	10	0	1.002804e-04	-1.043290e-06	-7.594500e-07	6.479000e-07	-1.830000e-08	1.136000e-07	3.015000e-07	2.090000e-07	3.000000e-10

131	5	11	0	1.021470e-04	-1.077700e-06	-7.853000e-07	6.537000e-07	-2.940000e-08	1.249000e-07	3.212000e-07	2.363000e-07	0.000000e+00

132	5	12	0	1.038835e-04	-1.110600e-06	-8.097000e-07	6.584000e-07	-4.070000e-08	1.362000e-07	3.403000e-07	2.634000e-07	-4.000000e-10

133	5	13	0	1.054547e-04	-1.141200e-06	-8.322000e-07	6.619000e-07	-5.200000e-08	1.471000e-07	3.587000e-07	2.900000e-07	-7.000000e-10

134	5	14	0	1.068436e-04	-1.169500e-06	-8.528000e-07	6.641000e-07	-6.320000e-08	1.576000e-07	3.759000e-07	3.156000e-07	-1.100000e-09

135	5	15	0	1.080429e-04	-1.195000e-06	-8.711000e-07	6.651000e-07	-7.410000e-08	1.675000e-07	3.920000e-07	3.399000e-07	-1.500000e-09

136	5	16	0	1.090530e-04	-1.217900e-06	-8.874000e-07	6.649000e-07	-8.470000e-08	1.767000e-07	4.067000e-07	3.629000e-07	-1.900000e-09

137	5	17	0	1.098792e-04	-1.238100e-06	-9.015000e-07	6.638000e-07	-9.490000e-08	1.853000e-07	4.202000e-07	3.845000e-07	-2.300000e-09

138	5	18	0	1.105298e-04	-1.255600e-06	-9.136000e-07	6.617000e-07	-1.045000e-07	1.933000e-07	4.325000e-07	4.046000e-07	-2.600000e-09

139	5	19	0	1.110151e-04	-1.270700e-06	-9.238000e-07	6.586000e-07	-1.138000e-07	2.006000e-07	4.434000e-07	4.231000e-07	-3.100000e-09

140	5	20	0	1.113464e-04	-1.283400e-06	-9.321000e-07	6.549000e-07	-1.225000e-07	2.073000e-07	4.532000e-07	4.403000e-07	-3.500000e-09

141	5	21	0	1.115350e-04	-1.293800e-06	-9.387000e-07	6.506000e-07	-1.307000e-07	2.134000e-07	4.620000e-07	4.562000e-07	-3.700000e-09

142	5	22	0	1.115932e-04	-1.302300e-06	-9.439000e-07	6.456000e-07	-1.385000e-07	2.189000e-07	4.696000e-07	4.706000e-07	-4.200000e-09

143	5	23	0	1.115316e-04	-1.308800e-06	-9.475000e-07	6.402000e-07	-1.457000e-07	2.239000e-07	4.763000e-07	4.838000e-07	-4.500000e-09

144	6	0	0	6.934575e-05	-7.056500e-07	-5.058300e-07	4.434900e-07	-1.013000e-08	7.191000e-08	1.944800e-07	1.298300e-07	7.000000e-11

145	6	1	0	8.565551e-05	-8.678900e-07	-6.219500e-07	5.494600e-07	-9.880000e-09	8.646000e-08	2.366500e-07	1.544500e-07	1.400000e-10

146	6	2	0	9.618902e-05	-9.654700e-07	-6.916000e-07	6.213300e-07	-4.420000e-09	9.127000e-08	2.570200e-07	1.587400e-07	3.100000e-10

147	6	3	0	9.491414e-05	-9.371200e-07	-6.712100e-07	6.209400e-07	7.600000e-09	8.000000e-08	2.387800e-07	1.311000e-07	6.300000e-10

148	6	4	0	9.277954e-05	-9.068100e-07	-6.503800e-07	6.130900e-07	1.578000e-08	7.180000e-08	2.244900e-07	1.116300e-07	8.900000e-10

149	6	5	0	9.245104e-05	-9.039900e-07	-6.501400e-07	6.134800e-07	1.772000e-08	7.099000e-08	2.238300e-07	1.092900e-07	1.020000e-09

150	6	6	0	9.321505e-05	-9.182600e-07	-6.624800e-07	6.183200e-07	1.525000e-08	7.505000e-08	2.319200e-07	1.184300e-07	1.040000e-09

151	6	7	0	9.463538e-05	-9.432100e-07	-6.825100e-07	6.253700e-07	9.560000e-09	8.235000e-08	2.456300e-07	1.353300e-07	9.600000e-10

152	6	8	0	9.641213e-05	-9.743000e-07	-7.068000e-07	6.332000e-07	1.620000e-09	9.173000e-08	2.627600e-07	1.572900e-07	8.000000e-10

153	6	9	0	9.833792e-05	-1.008360e-06	-7.329700e-07	6.408700e-07	-7.850000e-09	1.023300e-07	2.817200e-07	1.823200e-07	5.800000e-10

154	6	10	0	1.002804e-04	-1.043290e-06	-7.594500e-07	6.479000e-07	-1.830000e-08	1.136000e-07	3.015000e-07	2.090000e-07	3.000000e-10

155	6	11	0	1.021470e-04	-1.077700e-06	-7.853000e-07	6.537000e-07	-2.940000e-08	1.249000e-07	3.212000e-07	2.363000e-07	0.000000e+00

156	6	12	0	1.038835e-04	-1.110600e-06	-8.097000e-07	6.584000e-07	-4.070000e-08	1.362000e-07	3.403000e-07	2.634000e-07	-4.000000e-10

157	6	13	0	1.054547e-04	-1.141200e-06	-8.322000e-07	6.619000e-07	-5.200000e-08	1.471000e-07	3.587000e-07	2.900000e-07	-7.000000e-10

158	6	14	0	1.068436e-04	-1.169500e-06	-8.528000e-07	6.641000e-07	-6.320000e-08	1.576000e-07	3.759000e-07	3.156000e-07	-1.100000e-09

159	6	15	0	1.080429e-04	-1.195000e-06	-8.711000e-07	6.651000e-07	-7.410000e-08	1.675000e-07	3.920000e-07	3.399000e-07	-1.500000e-09

160	6	16	0	1.090530e-04	-1.217900e-06	-8.874000e-07	6.649000e-07	-8.470000e-08	1.767000e-07	4.067000e-07	3.629000e-07	-1.900000e-09

161	6	17	0	1.098792e-04	-1.238100e-06	-9.015000e-07	6.638000e-07	-9.490000e-08	1.853000e-07	4.202000e-07	3.845000e-07	-2.300000e-09

162	6	18	0	1.105298e-04	-1.255600e-06	-9.136000e-07	6.617000e-07	-1.045000e-07	1.933000e-07	4.325000e-07	4.046000e-07	-2.600000e-09

163	6	19	0	1.110151e-04	-1.270700e-06	-9.238000e-07	6.586000e-07	-1.138000e-07	2.006000e-07	4.434000e-07	4.231000e-07	-3.100000e-09

164	6	20	0	1.113464e-04	-1.283400e-06	-9.321000e-07	6.549000e-07	-1.225000e-07	2.073000e-07	4.532000e-07	4.403000e-07	-3.500000e-09

165	6	21	0	1.115350e-04	-1.293800e-06	-9.387000e-07	6.506000e-07	-1.307000e-07	2.134000e-07	4.620000e-07	4.562000e-07	-3.700000e-09

166	6	22	0	1.115932e-04	-1.302300e-06	-9.439000e-07	6.456000e-07	-1.385000e-07	2.189000e-07	4.696000e-07	4.706000e-07	-4.200000e-09

167	6	23	0	1.115316e-04	-1.308800e-06	-9.475000e-07	6.402000e-07	-1.457000e-07	2.239000e-07	4.763000e-07	4.838000e-07	-4.500000e-09

168	7	0	0	6.934575e-05	-7.056500e-07	-5.058300e-07	4.434900e-07	-1.013000e-08	7.191000e-08	1.944800e-07	1.298300e-07	7.000000e-11

169	7	1	0	8.565551e-05	-8.678900e-07	-6.219500e-07	5.494600e-07	-9.880000e-09	8.646000e-08	2.366500e-07	1.544500e-07	1.400000e-10

170	7	2	0	9.618902e-05	-9.654700e-07	-6.916000e-07	6.213300e-07	-4.420000e-09	9.127000e-08	2.570200e-07	1.587400e-07	3.100000e-10

171	7	3	0	9.491414e-05	-9.371200e-07	-6.712100e-07	6.209400e-07	7.600000e-09	8.000000e-08	2.387800e-07	1.311000e-07	6.300000e-10

172	7	4	0	9.277954e-05	-9.068100e-07	-6.503800e-07	6.130900e-07	1.578000e-08	7.180000e-08	2.244900e-07	1.116300e-07	8.900000e-10

173	7	5	0	9.245104e-05	-9.039900e-07	-6.501400e-07	6.134800e-07	1.772000e-08	7.099000e-08	2.238300e-07	1.092900e-07	1.020000e-09

174	7	6	0	9.321505e-05	-9.182600e-07	-6.624800e-07	6.183200e-07	1.525000e-08	7.505000e-08	2.319200e-07	1.184300e-07	1.040000e-09

175	7	7	0	9.463538e-05	-9.432100e-07	-6.825100e-07	6.253700e-07	9.560000e-09	8.235000e-08	2.456300e-07	1.353300e-07	9.600000e-10

176	7	8	0	9.641213e-05	-9.743000e-07	-7.068000e-07	6.332000e-07	1.620000e-09	9.173000e-08	2.627600e-07	1.572900e-07	8.000000e-10

177	7	9	0	9.833792e-05	-1.008360e-06	-7.329700e-07	6.408700e-07	-7.850000e-09	1.023300e-07	2.817200e-07	1.823200e-07	5.800000e-10

178	7	10	0	1.002804e-04	-1.043290e-06	-7.594500e-07	6.479000e-07	-1.830000e-08	1.136000e-07	3.015000e-07	2.090000e-07	3.000000e-10

179	7	11	0	1.021470e-04	-1.077700e-06	-7.853000e-07	6.537000e-07	-2.940000e-08	1.249000e-07	3.212000e-07	2.363000e-07	0.000000e+00

180	7	12	0	1.038835e-04	-1.110600e-06	-8.097000e-07	6.584000e-07	-4.070000e-08	1.362000e-07	3.403000e-07	2.634000e-07	-4.000000e-10

181	7	13	0	1.054547e-04	-1.141200e-06	-8.322000e-07	6.619000e-07	-5.200000e-08	1.471000e-07	3.587000e-07	2.900000e-07	-7.000000e-10

182	7	14	0	1.068436e-04	-1.169500e-06	-8.528000e-07	6.641000e-07	-6.320000e-08	1.576000e-07	3.759000e-07	3.156000e-07	-1.100000e-09

183	7	15	0	1.080429e-04	-1.195000e-06	-8.711000e-07	6.651000e-07	-7.410000e-08	1.675000e-07	3.920000e-07	3.399000e-07	-1.500000e-09

184	7	16	0	1.090530e-04	-1.217900e-06	-8.874000e-07	6.649000e-07	-8.470000e-08	1.767000e-07	4.067000e-07	3.629000e-07	-1.900000e-09

185	7	17	0	1.098792e-04	-1.238100e-06	-9.015000e-07	6.638000e-07	-9.490000e-08	1.853000e-07	4.202000e-07	3.845000e-07	-2.300000e-09

186	7	18	0	1.105298e-04	-1.255600e-06	-9.136000e-07	6.617000e-07	-1.045000e-07	1.933000e-07	4.325000e-07	4.046000e-07	-2.600000e-09

187	7	19	0	1.110151e-04	-1.270700e-06	-9.238000e-07	6.586000e-07	-1.138000e-07	2.006000e-07	4.434000e-07	4.231000e-07	-3.100000e-09

188	7	20	0	1.113464e-04	-1.283400e-06	-9.321000e-07	6.549000e-07	-1.225000e-07	2.073000e-07	4.532000e-07	4.403000e-07	-3.500000e-09

189	7	21	0	1.115350e-04	-1.293800e-06	-9.387000e-07	6.506000e-07	-1.307000e-07	2.134000e-07	4.620000e-07	4.562000e-07	-3.700000e-09

190	7	22	0	1.115932e-04	-1.302300e-06	-9.439000e-07	6.456000e-07	-1.385000e-07	2.189000e-07	4.696000e-07	4.706000e-07	-4.200000e-09

191	7	23	0	1.115316e-04	-1.308800e-06	-9.475000e-07	6.402000e-07	-1.457000e-07	2.239000e-07	4.763000e-07	4.838000e-07	-4.500000e-09

192	8	0	0	6.934575e-05	-7.056500e-07	-5.058300e-07	4.434900e-07	-1.013000e-08	7.191000e-08	1.944800e-07	1.298300e-07	7.000000e-11

193	8	1	0	8.565551e-05	-8.678900e-07	-6.219500e-07	5.494600e-07	-9.880000e-09	8.646000e-08	2.366500e-07	1.544500e-07	1.400000e-10

194	8	2	0	9.618902e-05	-9.654700e-07	-6.916000e-07	6.213300e-07	-4.420000e-09	9.127000e-08	2.570200e-07	1.587400e-07	3.100000e-10

195	8	3	0	9.491414e-05	-9.371200e-07	-6.712100e-07	6.209400e-07	7.600000e-09	8.000000e-08	2.387800e-07	1.311000e-07	6.300000e-10

196	8	4	0	9.277954e-05	-9.068100e-07	-6.503800e-07	6.130900e-07	1.578000e-08	7.180000e-08	2.244900e-07	1.116300e-07	8.900000e-10

197	8	5	0	9.245104e-05	-9.039900e-07	-6.501400e-07	6.134800e-07	1.772000e-08	7.099000e-08	2.238300e-07	1.092900e-07	1.020000e-09

198	8	6	0	9.321505e-05	-9.182600e-07	-6.624800e-07	6.183200e-07	1.525000e-08	7.505000e-08	2.319200e-07	1.184300e-07	1.040000e-09

199	8	7	0	9.463538e-05	-9.432100e-07	-6.825100e-07	6.253700e-07	9.560000e-09	8.235000e-08	2.456300e-07	1.353300e-07	9.600000e-10

200	8	8	0	9.641213e-05	-9.743000e-07	-7.068000e-07	6.332000e-07	1.620000e-09	9.173000e-08	2.627600e-07	1.572900e-07	8.000000e-10

201	8	9	0	9.833792e-05	-1.008360e-06	-7.329700e-07	6.408700e-07	-7.850000e-09	1.023300e-07	2.817200e-07	1.823200e-07	5.800000e-10

202	8	10	0	1.002804e-04	-1.043290e-06	-7.594500e-07	6.479000e-07	-1.830000e-08	1.136000e-07	3.015000e-07	2.090000e-07	3.000000e-10

203	8	11	0	1.021470e-04	-1.077700e-06	-7.853000e-07	6.537000e-07	-2.940000e-08	1.249000e-07	3.212000e-07	2.363000e-07	0.000000e+00

204	8	12	0	1.038835e-04	-1.110600e-06	-8.097000e-07	6.584000e-07	-4.070000e-08	1.362000e-07	3.403000e-07	2.634000e-07	-4.000000e-10

205	8	13	0	1.054547e-04	-1.141200e-06	-8.322000e-07	6.619000e-07	-5.200000e-08	1.471000e-07	3.587000e-07	2.900000e-07	-7.000000e-10

206	8	14	0	1.068436e-04	-1.169500e-06	-8.528000e-07	6.641000e-07	-6.320000e-08	1.576000e-07	3.759000e-07	3.156000e-07	-1.100000e-09

207	8	15	0	1.080429e-04	-1.195000e-06	-8.711000e-07	6.651000e-07	-7.410000e-08	1.675000e-07	3.920000e-07	3.399000e-07	-1.500000e-09

208	8	16	0	1.090530e-04	-1.217900e-06	-8.874000e-07	6.649000e-07	-8.470000e-08	1.767000e-07	4.067000e-07	3.629000e-07	-1.900000e-09

209	8	17	0	1.098792e-04	-1.238100e-06	-9.015000e-07	6.638000e-07	-9.490000e-08	1.853000e-07	4.202000e-07	3.845000e-07	-2.300000e-09

210	8	18	0	1.105298e-04	-1.255600e-06	-9.136000e-07	6.617000e-07	-1.045000e-07	1.933000e-07	4.325000e-07	4.046000e-07	-2.600000e-09

211	8	19	0	1.110151e-04	-1.270700e-06	-9.238000e-07	6.586000e-07	-1.138000e-07	2.006000e-07	4.434000e-07	4.231000e-07	-3.100000e-09

212	8	20	0	1.113464e-04	-1.283400e-06	-9.321000e-07	6.549000e-07	-1.225000e-07	2.073000e-07	4.532000e-07	4.403000e-07	-3.500000e-09

213	8	21	0	1.115350e-04	-1.293800e-06	-9.387000e-07	6.506000e-07	-1.307000e-07	2.134000e-07	4.620000e-07	4.562000e-07	-3.700000e-09

214	8	22	0	1.115932e-04	-1.302300e-06	-9.439000e-07	6.456000e-07	-1.385000e-07	2.189000e-07	4.696000e-07	4.706000e-07	-4.200000e-09

215	8	23	0	1.115316e-04	-1.308800e-06	-9.475000e-07	6.402000e-07	-1.457000e-07	2.239000e-07	4.763000e-07	4.838000e-07	-4.500000e-09

216	9	0	0	6.934575e-05	-7.056500e-07	-5.058300e-07	4.434900e-07	-1.013000e-08	7.191000e-08	1.944800e-07	1.298300e-07	7.000000e-11

217	9	1	0	8.565551e-05	-8.678900e-07	-6.219500e-07	5.494600e-07	-9.880000e-09	8.646000e-08	2.366500e-07	1.544500e-07	1.400000e-10

218	9	2	0	9.618902e-05	-9.654700e-07	-6.916000e-07	6.213300e-07	-4.420000e-09	9.127000e-08	2.570200e-07	1.587400e-07	3.100000e-10

219	9	3	0	9.491414e-05	-9.371200e-07	-6.712100e-07	6.209400e-07	7.600000e-09	8.000000e-08	2.387800e-07	1.311000e-07	6.300000e-10

220	9	4	0	9.277954e-05	-9.068100e-07	-6.503800e-07	6.130900e-07	1.578000e-08	7.180000e-08	2.244900e-07	1.116300e-07	8.900000e-10

221	9	5	0	9.245104e-05	-9.039900e-07	-6.501400e-07	6.134800e-07	1.772000e-08	7.099000e-08	2.238300e-07	1.092900e-07	1.020000e-09

222	9	6	0	9.321505e-05	-9.182600e-07	-6.624800e-07	6.183200e-07	1.525000e-08	7.505000e-08	2.319200e-07	1.184300e-07	1.040000e-09

223	9	7	0	9.463538e-05	-9.432100e-07	-6.825100e-07	6.253700e-07	9.560000e-09	8.235000e-08	2.456300e-07	1.353300e-07	9.600000e-10

224	9	8	0	9.641213e-05	-9.743000e-07	-7.068000e-07	6.332000e-07	1.620000e-09	9.173000e-08	2.627600e-07	1.572900e-07	8.000000e-10

225	9	9	0	9.833792e-05	-1.008360e-06	-7.329700e-07	6.408700e-07	-7.850000e-09	1.023300e-07	2.817200e-07	1.823200e-07	5.800000e-10

226	9	10	0	1.002804e-04	-1.043290e-06	-7.594500e-07	6.479000e-07	-1.830000e-08	1.136000e-07	3.015000e-07	2.090000e-07	3.000000e-10

227	9	11	0	1.021470e-04	-1.077700e-06	-7.853000e-07	6.537000e-07	-2.940000e-08	1.249000e-07	3.212000e-07	2.363000e-07	0.000000e+00

228	9	12	0	1.038835e-04	-1.110600e-06	-8.097000e-07	6.584000e-07	-4.070000e-08	1.362000e-07	3.403000e-07	2.634000e-07	-4.000000e-10

229	9	13	0	1.054547e-04	-1.141200e-06	-8.322000e-07	6.619000e-07	-5.200000e-08	1.471000e-07	3.587000e-07	2.900000e-07	-7.000000e-10

230	9	14	0	1.068436e-04	-1.169500e-06	-8.528000e-07	6.641000e-07	-6.320000e-08	1.576000e-07	3.759000e-07	3.156000e-07	-1.100000e-09

231	9	15	0	1.080429e-04	-1.195000e-06	-8.711000e-07	6.651000e-07	-7.410000e-08	1.675000e-07	3.920000e-07	3.399000e-07	-1.500000e-09

232	9	16	0	1.090530e-04	-1.217900e-06	-8.874000e-07	6.649000e-07	-8.470000e-08	1.767000e-07	4.067000e-07	3.629000e-07	-1.900000e-09

233	9	17	0	1.098792e-04	-1.238100e-06	-9.015000e-07	6.638000e-07	-9.490000e-08	1.853000e-07	4.202000e-07	3.845000e-07	-2.300000e-09

234	9	18	0	1.105298e-04	-1.255600e-06	-9.136000e-07	6.617000e-07	-1.045000e-07	1.933000e-07	4.325000e-07	4.046000e-07	-2.600000e-09

235	9	19	0	1.110151e-04	-1.270700e-06	-9.238000e-07	6.586000e-07	-1.138000e-07	2.006000e-07	4.434000e-07	4.231000e-07	-3.100000e-09

236	9	20	0	1.113464e-04	-1.283400e-06	-9.321000e-07	6.549000e-07	-1.225000e-07	2.073000e-07	4.532000e-07	4.403000e-07	-3.500000e-09

237	9	21	0	1.115350e-04	-1.293800e-06	-9.387000e-07	6.506000e-07	-1.307000e-07	2.134000e-07	4.620000e-07	4.562000e-07	-3.700000e-09

238	9	22	0	1.115932e-04	-1.302300e-06	-9.439000e-07	6.456000e-07	-1.385000e-07	2.189000e-07	4.696000e-07	4.706000e-07	-4.200000e-09

239	9	23	0	1.115316e-04	-1.308800e-06	-9.475000e-07	6.402000e-07	-1.457000e-07	2.239000e-07	4.763000e-07	4.838000e-07	-4.500000e-09

240	10	0	0	6.934575e-05	-7.056500e-07	-5.058300e-07	4.434900e-07	-1.013000e-08	7.191000e-08	1.944800e-07	1.298300e-07	7.000000e-11

241	10	1	0	8.565551e-05	-8.678900e-07	-6.219500e-07	5.494600e-07	-9.880000e-09	8.646000e-08	2.366500e-07	1.544500e-07	1.400000e-10

242	10	2	0	9.618902e-05	-9.654700e-07	-6.916000e-07	6.213300e-07	-4.420000e-09	9.127000e-08	2.570200e-07	1.587400e-07	3.100000e-10

243	10	3	0	9.491414e-05	-9.371200e-07	-6.712100e-07	6.209400e-07	7.600000e-09	8.000000e-08	2.387800e-07	1.311000e-07	6.300000e-10

244	10	4	0	9.277954e-05	-9.068100e-07	-6.503800e-07	6.130900e-07	1.578000e-08	7.180000e-08	2.244900e-07	1.116300e-07	8.900000e-10

245	10	5	0	9.245104e-05	-9.039900e-07	-6.501400e-07	6.134800e-07	1.772000e-08	7.099000e-08	2.238300e-07	1.092900e-07	1.020000e-09

246	10	6	0	9.321505e-05	-9.182600e-07	-6.624800e-07	6.183200e-07	1.525000e-08	7.505000e-08	2.319200e-07	1.184300e-07	1.040000e-09

247	10	7	0	9.463538e-05	-9.432100e-07	-6.825100e-07	6.253700e-07	9.560000e-09	8.235000e-08	2.456300e-07	1.353300e-07	9.600000e-10

248	10	8	0	9.641213e-05	-9.743000e-07	-7.068000e-07	6.332000e-07	1.620000e-09	9.173000e-08	2.627600e-07	1.572900e-07	8.000000e-10

249	10	9	0	9.833792e-05	-1.008360e-06	-7.329700e-07	6.408700e-07	-7.850000e-09	1.023300e-07	2.817200e-07	1.823200e-07	5.800000e-10

250	10	10	0	1.002804e-04	-1.043290e-06	-7.594500e-07	6.479000e-07	-1.830000e-08	1.136000e-07	3.015000e-07	2.090000e-07	3.000000e-10

251	10	11	0	1.021470e-04	-1.077700e-06	-7.853000e-07	6.537000e-07	-2.940000e-08	1.249000e-07	3.212000e-07	2.363000e-07	0.000000e+00

252	10	12	0	1.038835e-04	-1.110600e-06	-8.097000e-07	6.584000e-07	-4.070000e-08	1.362000e-07	3.403000e-07	2.634000e-07	-4.000000e-10

253	10	13	0	1.054547e-04	-1.141200e-06	-8.322000e-07	6.619000e-07	-5.200000e-08	1.471000e-07	3.587000e-07	2.900000e-07	-7.000000e-10

254	10	14	0	1.068436e-04	-1.169500e-06	-8.528000e-07	6.641000e-07	-6.320000e-08	1.576000e-07	3.759000e-07	3.156000e-07	-1.100000e-09

255	10	15	0	1.080429e-04	-1.195000e-06	-8.711000e-07	6.651000e-07	-7.410000e-08	1.675000e-07	3.920000e-07	3.399000e-07	-1.500000e-09

256	10	16	0	1.090530e-04	-1.217900e-06	-8.874000e-07	6.649000e-07	-8.470000e-08	1.767000e-07	4.067000e-07	3.629000e-07	-1.900000e-09

257	10	17	0	1.098792e-04	-1.238100e-06	-9.015000e-07	6.638000e-07	-9.490000e-08	1.853000e-07	4.202000e-07	3.845000e-07	-2.300000e-09

258	10	18	0	1.105298e-04	-1.255600e-06	-9.136000e-07	6.617000e-07	-1.045000e-07	1.933000e-07	4.325000e-07	4.046000e-07	-2.600000e-09

259	10	19	0	1.110151e-04	-1.270700e-06	-9.238000e-07	6.586000e-07	-1.138000e-07	2.006000e-07	4.434000e-07	4.231000e-07	-3.100000e-09

260	10	20	0	1.113464e-04	-1.283400e-06	-9.321000e-07	6.549000e-07	-1.225000e-07	2.073000e-07	4.532000e-07	4.403000e-07	-3.500000e-09

261	10	21	0	1.115350e-04	-1.293800e-06	-9.387000e-07	6.506000e-07	-1.307000e-07	2.134000e-07	4.620000e-07	4.562000e-07	-3.700000e-09

262	10	22	0	1.115932e-04	-1.302300e-06	-9.439000e-07	6.456000e-07	-1.385000e-07	2.189000e-07	4.696000e-07	4.706000e-07	-4.200000e-09

263	10	23	0	1.115316e-04	-1.308800e-06	-9.475000e-07	6.402000e-07	-1.457000e-07	2.239000e-07	4.763000e-07	4.838000e-07	-4.500000e-09

264	11	0	0	6.934575e-05	-7.056500e-07	-5.058300e-07	4.434900e-07	-1.013000e-08	7.191000e-08	1.944800e-07	1.298300e-07	7.000000e-11

265	11	1	0	8.565551e-05	-8.678900e-07	-6.219500e-07	5.494600e-07	-9.880000e-09	8.646000e-08	2.366500e-07	1.544500e-07	1.400000e-10

266	11	2	0	9.618902e-05	-9.654700e-07	-6.916000e-07	6.213300e-07	-4.420000e-09	9.127000e-08	2.570200e-07	1.587400e-07	3.100000e-10

267	11	3	0	9.491414e-05	-9.371200e-07	-6.712100e-07	6.209400e-07	7.600000e-09	8.000000e-08	2.387800e-07	1.311000e-07	6.300000e-10

268	11	4	0	9.277954e-05	-9.068100e-07	-6.503800e-07	6.130900e-07	1.578000e-08	7.180000e-08	2.244900e-07	1.116300e-07	8.900000e-10

269	11	5	0	9.245104e-05	-9.039900e-07	-6.501400e-07	6.134800e-07	1.772000e-08	7.099000e-08	2.238300e-07	1.092900e-07	1.020000e-09

270	11	6	0	9.321505e-05	-9.182600e-07	-6.624800e-07	6.183200e-07	1.525000e-08	7.505000e-08	2.319200e-07	1.184300e-07	1.040000e-09

271	11	7	0	9.463538e-05	-9.432100e-07	-6.825100e-07	6.253700e-07	9.560000e-09	8.235000e-08	2.456300e-07	1.353300e-07	9.600000e-10

272	11	8	0	9.641213e-05	-9.743000e-07	-7.068000e-07	6.332000e-07	1.620000e-09	9.173000e-08	2.627600e-07	1.572900e-07	8.000000e-10

273	11	9	0	9.833792e-05	-1.008360e-06	-7.329700e-07	6.408700e-07	-7.850000e-09	1.023300e-07	2.817200e-07	1.823200e-07	5.800000e-10

274	11	10	0	1.002804e-04	-1.043290e-06	-7.594500e-07	6.479000e-07	-1.830000e-08	1.136000e-07	3.015000e-07	2.090000e-07	3.000000e-10

275	11	11	0	1.021470e-04	-1.077700e-06	-7.853000e-07	6.537000e-07	-2.940000e-08	1.249000e-07	3.212000e-07	2.363000e-07	0.000000e+00

276	11	12	0	1.038835e-04	-1.110600e-06	-8.097000e-07	6.584000e-07	-4.070000e-08	1.362000e-07	3.403000e-07	2.634000e-07	-4.000000e-10

277	11	13	0	1.054547e-04	-1.141200e-06	-8.322000e-07	6.619000e-07	-5.200000e-08	1.471000e-07	3.587000e-07	2.900000e-07	-7.000000e-10

278	11	14	0	1.068436e-04	-1.169500e-06	-8.528000e-07	6.641000e-07	-6.320000e-08	1.576000e-07	3.759000e-07	3.156000e-07	-1.100000e-09

279	11	15	0	1.080429e-04	-1.195000e-06	-8.711000e-07	6.651000e-07	-7.410000e-08	1.675000e-07	3.920000e-07	3.399000e-07	-1.500000e-09

280	11	16	0	1.090530e-04	-1.217900e-06	-8.874000e-07	6.649000e-07	-8.470000e-08	1.767000e-07	4.067000e-07	3.629000e-07	-1.900000e-09

281	11	17	0	1.098792e-04	-1.238100e-06	-9.015000e-07	6.638000e-07	-9.490000e-08	1.853000e-07	4.202000e-07	3.845000e-07	-2.300000e-09

282	11	18	0	1.105298e-04	-1.255600e-06	-9.136000e-07	6.617000e-07	-1.045000e-07	1.933000e-07	4.325000e-07	4.046000e-07	-2.600000e-09

283	11	19	0	1.110151e-04	-1.270700e-06	-9.238000e-07	6.586000e-07	-1.138000e-07	2.006000e-07	4.434000e-07	4.231000e-07	-3.100000e-09

284	11	20	0	1.113464e-04	-1.283400e-06	-9.321000e-07	6.549000e-07	-1.225000e-07	2.073000e-07	4.532000e-07	4.403000e-07	-3.500000e-09

285	11	21	0	1.115350e-04	-1.293800e-06	-9.387000e-07	6.506000e-07	-1.307000e-07	2.134000e-07	4.620000e-07	4.562000e-07	-3.700000e-09

286	11	22	0	1.115932e-04	-1.302300e-06	-9.439000e-07	6.456000e-07	-1.385000e-07	2.189000e-07	4.696000e-07	4.706000e-07	-4.200000e-09

287	11	23	0	1.115316e-04	-1.308800e-06	-9.475000e-07	6.402000e-07	-1.457000e-07	2.239000e-07	4.763000e-07	4.838000e-07	-4.500000e-09

288	12	0	0	6.934575e-05	-7.056500e-07	-5.058300e-07	4.434900e-07	-1.013000e-08	7.191000e-08	1.944800e-07	1.298300e-07	7.000000e-11

289	12	1	0	8.565551e-05	-8.678900e-07	-6.219500e-07	5.494600e-07	-9.880000e-09	8.646000e-08	2.366500e-07	1.544500e-07	1.400000e-10

290	12	2	0	9.618902e-05	-9.654700e-07	-6.916000e-07	6.213300e-07	-4.420000e-09	9.127000e-08	2.570200e-07	1.587400e-07	3.100000e-10

291	12	3	0	9.491414e-05	-9.371200e-07	-6.712100e-07	6.209400e-07	7.600000e-09	8.000000e-08	2.387800e-07	1.311000e-07	6.300000e-10

292	12	4	0	9.277954e-05	-9.068100e-07	-6.503800e-07	6.130900e-07	1.578000e-08	7.180000e-08	2.244900e-07	1.116300e-07	8.900000e-10

293	12	5	0	9.245104e-05	-9.039900e-07	-6.501400e-07	6.134800e-07	1.772000e-08	7.099000e-08	2.238300e-07	1.092900e-07	1.020000e-09

294	12	6	0	9.321505e-05	-9.182600e-07	-6.624800e-07	6.183200e-07	1.525000e-08	7.505000e-08	2.319200e-07	1.184300e-07	1.040000e-09

295	12	7	0	9.463538e-05	-9.432100e-07	-6.825100e-07	6.253700e-07	9.560000e-09	8.235000e-08	2.456300e-07	1.353300e-07	9.600000e-10

296	12	8	0	9.641213e-05	-9.743000e-07	-7.068000e-07	6.332000e-07	1.620000e-09	9.173000e-08	2.627600e-07	1.572900e-07	8.000000e-10

297	12	9	0	9.833792e-05	-1.008360e-06	-7.329700e-07	6.408700e-07	-7.850000e-09	1.023300e-07	2.817200e-07	1.823200e-07	5.800000e-10

298	12	10	0	1.002804e-04	-1.043290e-06	-7.594500e-07	6.479000e-07	-1.830000e-08	1.136000e-07	3.015000e-07	2.090000e-07	3.000000e-10

299	12	11	0	1.021470e-04	-1.077700e-06	-7.853000e-07	6.537000e-07	-2.940000e-08	1.249000e-07	3.212000e-07	2.363000e-07	0.000000e+00

300	12	12	0	1.038835e-04	-1.110600e-06	-8.097000e-07	6.584000e-07	-4.070000e-08	1.362000e-07	3.403000e-07	2.634000e-07	-4.000000e-10

301	12	13	0	1.054547e-04	-1.141200e-06	-8.322000e-07	6.619000e-07	-5.200000e-08	1.471000e-07	3.587000e-07	2.900000e-07	-7.000000e-10

302	12	14	0	1.068436e-04	-1.169500e-06	-8.528000e-07	6.641000e-07	-6.320000e-08	1.576000e-07	3.759000e-07	3.156000e-07	-1.100000e-09

303	12	15	0	1.080429e-04	-1.195000e-06	-8.711000e-07	6.651000e-07	-7.410000e-08	1.675000e-07	3.920000e-07	3.399000e-07	-1.500000e-09

304	12	16	0	1.090530e-04	-1.217900e-06	-8.874000e-07	6.649000e-07	-8.470000e-08	1.767000e-07	4.067000e-07	3.629000e-07	-1.900000e-09

305	12	17	0	1.098792e-04	-1.238100e-06	-9.015000e-07	6.638000e-07	-9.490000e-08	1.853000e-07	4.202000e-07	3.845000e-07	-2.300000e-09

306	12	18	0	1.105298e-04	-1.255600e-06	-9.136000e-07	6.617000e-07	-1.045000e-07	1.933000e-07	4.325000e-07	4.046000e-07	-2.600000e-09

307	12	19	0	1.110151e-04	-1.270700e-06	-9.238000e-07	6.586000e-07	-1.138000e-07	2.006000e-07	4.434000e-07	4.231000e-07	-3.100000e-09

308	12	20	0	1.113464e-04	-1.283400e-06	-9.321000e-07	6.549000e-07	-1.225000e-07	2.073000e-07	4.532000e-07	4.403000e-07	-3.500000e-09

309	12	21	0	1.115350e-04	-1.293800e-06	-9.387000e-07	6.506000e-07	-1.307000e-07	2.134000e-07	4.620000e-07	4.562000e-07	-3.700000e-09

310	12	22	0	1.115932e-04	-1.302300e-06	-9.439000e-07	6.456000e-07	-1.385000e-07	2.189000e-07	4.696000e-07	4.706000e-07	-4.200000e-09

311	12	23	0	1.115316e-04	-1.308800e-06	-9.475000e-07	6.402000e-07	-1.457000e-07	2.239000e-07	4.763000e-07	4.838000e-07	-4.500000e-09

312	13	0	0	6.934575e-05	-7.056500e-07	-5.058300e-07	4.434900e-07	-1.013000e-08	7.191000e-08	1.944800e-07	1.298300e-07	7.000000e-11

313	13	1	0	8.565551e-05	-8.678900e-07	-6.219500e-07	5.494600e-07	-9.880000e-09	8.646000e-08	2.366500e-07	1.544500e-07	1.400000e-10

314	13	2	0	9.618902e-05	-9.654700e-07	-6.916000e-07	6.213300e-07	-4.420000e-09	9.127000e-08	2.570200e-07	1.587400e-07	3.100000e-10

315	13	3	0	9.491414e-05	-9.371200e-07	-6.712100e-07	6.209400e-07	7.600000e-09	8.000000e-08	2.387800e-07	1.311000e-07	6.300000e-10

316	13	4	0	9.277954e-05	-9.068100e-07	-6.503800e-07	6.130900e-07	1.578000e-08	7.180000e-08	2.244900e-07	1.116300e-07	8.900000e-10

317	13	5	0	9.245104e-05	-9.039900e-07	-6.501400e-07	6.134800e-07	1.772000e-08	7.099000e-08	2.238300e-07	1.092900e-07	1.020000e-09

318	13	6	0	9.321505e-05	-9.182600e-07	-6.624800e-07	6.183200e-07	1.525000e-08	7.505000e-08	2.319200e-07	1.184300e-07	1.040000e-09

319	13	7	0	9.463538e-05	-9.432100e-07	-6.825100e-07	6.253700e-07	9.560000e-09	8.235000e-08	2.456300e-07	1.353300e-07	9.600000e-10

320	13	8	0	9.641213e-05	-9.743000e-07	-7.068000e-07	6.332000e-07	1.620000e-09	9.173000e-08	2.627600e-07	1.572900e-07	8.000000e-10

321	13	9	0	9.833792e-05	-1.008360e-06	-7.329700e-07	6.408700e-07	-7.850000e-09	1.023300e-07	2.817200e-07	1.823200e-07	5.800000e-10

322	13	10	0	1.002804e-04	-1.043290e-06	-7.594500e-07	6.479000e-07	-1.830000e-08	1.136000e-07	3.015000e-07	2.090000e-07	3.000000e-10

323	13	11	0	1.021470e-04	-1.077700e-06	-7.853000e-07	6.537000e-07	-2.940000e-08	1.249000e-07	3.212000e-07	2.363000e-07	0.000000e+00

324	13	12	0	1.038835e-04	-1.110600e-06	-8.097000e-07	6.584000e-07	-4.070000e-08	1.362000e-07	3.403000e-07	2.634000e-07	-4.000000e-10

325	13	13	0	1.054547e-04	-1.141200e-06	-8.322000e-07	6.619000e-07	-5.200000e-08	1.471000e-07	3.587000e-07	2.900000e-07	-7.000000e-10

326	13	14	0	1.068436e-04	-1.169500e-06	-8.528000e-07	6.641000e-07	-6.320000e-08	1.576000e-07	3.759000e-07	3.156000e-07	-1.100000e-09

327	13	15	0	1.080429e-04	-1.195000e-06	-8.711000e-07	6.651000e-07	-7.410000e-08	1.675000e-07	3.920000e-07	3.399000e-07	-1.500000e-09

328	13	16	0	1.090530e-04	-1.217900e-06	-8.874000e-07	6.649000e-07	-8.470000e-08	1.767000e-07	4.067000e-07	3.629000e-07	-1.900000e-09

329	13	17	0	1.098792e-04	-1.238100e-06	-9.015000e-07	6.638000e-07	-9.490000e-08	1.853000e-07	4.202000e-07	3.845000e-07	-2.300000e-09

330	13	18	0	1.105298e-04	-1.255600e-06	-9.136000e-07	6.617000e-07	-1.045000e-07	1.933000e-07	4.325000e-07	4.046000e-07	-2.600000e-09

331	13	19	0	1.110151e-04	-1.270700e-06	-9.238000e-07	6.586000e-07	-1.138000e-07	2.006000e-07	4.434000e-07	4.231000e-07	-3.100000e-09

332	13	20	0	1.113464e-04	-1.283400e-06	-9.321000e-07	6.549000e-07	-1.225000e-07	2.073000e-07	4.532000e-07	4.403000e-07	-3.500000e-09

333	13	21	0	1.115350e-04	-1.293800e-06	-9.387000e-07	6.506000e-07	-1.307000e-07	2.134000e-07	4.620000e-07	4.562000e-07	-3.700000e-09

334	13	22	0	1.115932e-04	-1.302300e-06	-9.439000e-07	6.456000e-07	-1.385000e-07	2.189000e-07	4.696000e-07	4.706000e-07	-4.200000e-09

335	13	23	0	1.115316e-04	-1.308800e-06	-9.475000e-07	6.402000e-07	-1.457000e-07	2.239000e-07	4.763000e-07	4.838000e-07	-4.500000e-09

336	14	0	0	6.934575e-05	-7.056500e-07	-5.058300e-07	4.434900e-07	-1.013000e-08	7.191000e-08	1.944800e-07	1.298300e-07	7.000000e-11

337	14	1	0	8.565551e-05	-8.678900e-07	-6.219500e-07	5.494600e-07	-9.880000e-09	8.646000e-08	2.366500e-07	1.544500e-07	1.400000e-10

338	14	2	0	9.618902e-05	-9.654700e-07	-6.916000e-07	6.213300e-07	-4.420000e-09	9.127000e-08	2.570200e-07	1.587400e-07	3.100000e-10

339	14	3	0	9.491414e-05	-9.371200e-07	-6.712100e-07	6.209400e-07	7.600000e-09	8.000000e-08	2.387800e-07	1.311000e-07	6.300000e-10

340	14	4	0	9.277954e-05	-9.068100e-07	-6.503800e-07	6.130900e-07	1.578000e-08	7.180000e-08	2.244900e-07	1.116300e-07	8.900000e-10

341	14	5	0	9.245104e-05	-9.039900e-07	-6.501400e-07	6.134800e-07	1.772000e-08	7.099000e-08	2.238300e-07	1.092900e-07	1.020000e-09

342	14	6	0	9.321505e-05	-9.182600e-07	-6.624800e-07	6.183200e-07	1.525000e-08	7.505000e-08	2.319200e-07	1.184300e-07	1.040000e-09

343	14	7	0	9.463538e-05	-9.432100e-07	-6.825100e-07	6.253700e-07	9.560000e-09	8.235000e-08	2.456300e-07	1.353300e-07	9.600000e-10

344	14	8	0	9.641213e-05	-9.743000e-07	-7.068000e-07	6.332000e-07	1.620000e-09	9.173000e-08	2.627600e-07	1.572900e-07	8.000000e-10

345	14	9	0	9.833792e-05	-1.008360e-06	-7.329700e-07	6.408700e-07	-7.850000e-09	1.023300e-07	2.817200e-07	1.823200e-07	5.800000e-10

346	14	10	0	1.002804e-04	-1.043290e-06	-7.594500e-07	6.479000e-07	-1.830000e-08	1.136000e-07	3.015000e-07	2.090000e-07	3.000000e-10

347	14	11	0	1.021470e-04	-1.077700e-06	-7.853000e-07	6.537000e-07	-2.940000e-08	1.249000e-07	3.212000e-07	2.363000e-07	0.000000e+00

348	14	12	0	1.038835e-04	-1.110600e-06	-8.097000e-07	6.584000e-07	-4.070000e-08	1.362000e-07	3.403000e-07	2.634000e-07	-4.000000e-10

349	14	13	0	1.054547e-04	-1.141200e-06	-8.322000e-07	6.619000e-07	-5.200000e-08	1.471000e-07	3.587000e-07	2.900000e-07	-7.000000e-10

350	14	14	0	1.068436e-04	-1.169500e-06	-8.528000e-07	6.641000e-07	-6.320000e-08	1.576000e-07	3.759000e-07	3.156000e-07	-1.100000e-09

351	14	15	0	1.080429e-04	-1.195000e-06	-8.711000e-07	6.651000e-07	-7.410000e-08	1.675000e-07	3.920000e-07	3.399000e-07	-1.500000e-09

352	14	16	0	1.090530e-04	-1.217900e-06	-8.874000e-07	6.649000e-07	-8.470000e-08	1.767000e-07	4.067000e-07	3.629000e-07	-1.900000e-09

353	14	17	0	1.098792e-04	-1.238100e-06	-9.015000e-07	6.638000e-07	-9.490000e-08	1.853000e-07	4.202000e-07	3.845000e-07	-2.300000e-09

354	14	18	0	1.105298e-04	-1.255600e-06	-9.136000e-07	6.617000e-07	-1.045000e-07	1.933000e-07	4.325000e-07	4.046000e-07	-2.600000e-09

355	14	19	0	1.110151e-04	-1.270700e-06	-9.238000e-07	6.586000e-07	-1.138000e-07	2.006000e-07	4.434000e-07	4.231000e-07	-3.100000e-09

356	14	20	0	1.113464e-04	-1.283400e-06	-9.321000e-07	6.549000e-07	-1.225000e-07	2.073000e-07	4.532000e-07	4.403000e-07	-3.500000e-09

357	14	21	0	1.115350e-04	-1.293800e-06	-9.387000e-07	6.506000e-07	-1.307000e-07	2.134000e-07	4.620000e-07	4.562000e-07	-3.700000e-09

358	14	22	0	1.115932e-04	-1.302300e-06	-9.439000e-07	6.456000e-07	-1.385000e-07	2.189000e-07	4.696000e-07	4.706000e-07	-4.200000e-09

359	14	23	0	1.115316e-04	-1.308800e-06	-9.475000e-07	6.402000e-07	-1.457000e-07	2.239000e-07	4.763000e-07	4.838000e-07	-4.500000e-09

360	15	0	0	6.934575e-05	-7.056500e-07	-5.058300e-07	4.434900e-07	-1.013000e-08	7.191000e-08	1.944800e-07	1.298300e-07	7.000000e-11

361	15	1	0	8.565551e-05	-8.678900e-07	-6.219500e-07	5.494600e-07	-9.880000e-09	8.646000e-08	2.366500e-07	1.544500e-07	1.400000e-10

362	15	2	0	9.618902e-05	-9.654700e-07	-6.916000e-07	6.213300e-07	-4.420000e-09	9.127000e-08	2.570200e-07	1.587400e-07	3.100000e-10

363	15	3	0	9.491414e-05	-9.371200e-07	-6.712100e-07	6.209400e-07	7.600000e-09	8.000000e-08	2.387800e-07	1.311000e-07	6.300000e-10

364	15	4	0	9.277954e-05	-9.068100e-07	-6.503800e-07	6.130900e-07	1.578000e-08	7.180000e-08	2.244900e-07	1.116300e-07	8.900000e-10

365	15	5	0	9.245104e-05	-9.039900e-07	-6.501400e-07	6.134800e-07	1.772000e-08	7.099000e-08	2.238300e-07	1.092900e-07	1.020000e-09

366	15	6	0	9.321505e-05	-9.182600e-07	-6.624800e-07	6.183200e-07	1.525000e-08	7.505000e-08	2.319200e-07	1.184300e-07	1.040000e-09

367	15	7	0	9.463538e-05	-9.432100e-07	-6.825100e-07	6.253700e-07	9.560000e-09	8.235000e-08	2.456300e-07	1.353300e-07	9.600000e-10

368	15	8	0	9.641213e-05	-9.743000e-07	-7.068000e-07	6.332000e-07	1.620000e-09	9.173000e-08	2.627600e-07	1.572900e-07	8.000000e-10

369	15	9	0	9.833792e-05	-1.008360e-06	-7.329700e-07	6.408700e-07	-7.850000e-09	1.023300e-07	2.817200e-07	1.823200e-07	5.800000e-10

370	15	10	0	1.002804e-04	-1.043290e-06	-7.594500e-07	6.479000e-07	-1.830000e-08	1.136000e-07	3.015000e-07	2.090000e-07	3.000000e-10

371	15	11	0	1.021470e-04	-1.077700e-06	-7.853000e-07	6.537000e-07	-2.940000e-08	1.249000e-07	3.212000e-07	2.363000e-07	0.000000e+00

372	15	12	0	1.038835e-04	-1.110600e-06	-8.097000e-07	6.584000e-07	-4.070000e-08	1.362000e-07	3.403000e-07	2.634000e-07	-4.000000e-10

373	15	13	0	1.054547e-04	-1.141200e-06	-8.322000e-07	6.619000e-07	-5.200000e-08	1.471000e-07	3.587000e-07	2.900000e-07	-7.000000e-10

374	15	14	0	1.068436e-04	-1.169500e-06	-8.528000e-07	6.641000e-07	-6.320000e-08	1.576000e-07	3.759000e-07	3.156000e-07	-1.100000e-09

375	15	15	0	1.080429e-04	-1.195000e-06	-8.711000e-07	6.651000e-07	-7.410000e-08	1.675000e-07	3.920000e-07	3.399000e-07	-1.500000e-09

376	15	16	0	1.090530e-04	-1.217900e-06	-8.874000e-07	6.649000e-07	-8.470000e-08	1.767000e-07	4.067000e-07	3.629000e-07	-1.900000e-09

377	15	17	0	1.098792e-04	-1.238100e-06	-9.015000e-07	6.638000e-07	-9.490000e-08	1.853000e-07	4.202000e-07	3.845000e-07	-2.300000e-09

378	15	18	0	1.105298e-04	-1.255600e-06	-9.136000e-07	6.617000e-07	-1.045000e-07	1.933000e-07	4.325000e-07	4.046000e-07	-2.600000e-09

379	15	19	0	1.110151e-04	-1.270700e-06	-9.238000e-07	6.586000e-07	-1.138000e-07	2.006000e-07	4.434000e-07	4.231000e-07	-3.100000e-09

380	15	20	0	1.113464e-04	-1.283400e-06	-9.321000e-07	6.549000e-07	-1.225000e-07	2.073000e-07	4.532000e-07	4.403000e-07	-3.500000e-09

381	15	21	0	1.115350e-04	-1.293800e-06	-9.387000e-07	6.506000e-07	-1.307000e-07	2.134000e-07	4.620000e-07	4.562000e-07	-3.700000e-09

382	15	22	0	1.115932e-04	-1.302300e-06	-9.439000e-07	6.456000e-07	-1.385000e-07	2.189000e-07	4.696000e-07	4.706000e-07	-4.200000e-09

383	15	23	0	1.115316e-04	-1.308800e-06	-9.475000e-07	6.402000e-07	-1.457000e-07	2.239000e-07	4.763000e-07	4.838000e-07	-4.500000e-09

384	16	0	0	6.934575e-05	-7.056500e-07	-5.058300e-07	4.434900e-07	-1.013000e-08	7.191000e-08	1.944800e-07	1.298300e-07	7.000000e-11

385	16	1	0	8.565551e-05	-8.678900e-07	-6.219500e-07	5.494600e-07	-9.880000e-09	8.646000e-08	2.366500e-07	1.544500e-07	1.400000e-10

386	16	2	0	9.618902e-05	-9.654700e-07	-6.916000e-07	6.213300e-07	-4.420000e-09	9.127000e-08	2.570200e-07	1.587400e-07	3.100000e-10

387	16	3	0	9.491414e-05	-9.371200e-07	-6.712100e-07	6.209400e-07	7.600000e-09	8.000000e-08	2.387800e-07	1.311000e-07	6.300000e-10

388	16	4	0	9.277954e-05	-9.068100e-07	-6.503800e-07	6.130900e-07	1.578000e-08	7.180000e-08	2.244900e-07	1.116300e-07	8.900000e-10

389	16	5	0	9.245104e-05	-9.039900e-07	-6.501400e-07	6.134800e-07	1.772000e-08	7.099000e-08	2.238300e-07	1.092900e-07	1.020000e-09

390	16	6	0	9.321505e-05	-9.182600e-07	-6.624800e-07	6.183200e-07	1.525000e-08	7.505000e-08	2.319200e-07	1.184300e-07	1.040000e-09

391	16	7	0	9.463538e-05	-9.432100e-07	-6.825100e-07	6.253700e-07	9.560000e-09	8.235000e-08	2.456300e-07	1.353300e-07	9.600000e-10

392	16	8	0	9.641213e-05	-9.743000e-07	-7.068000e-07	6.332000e-07	1.620000e-09	9.173000e-08	2.627600e-07	1.572900e-07	8.000000e-10

393	16	9	0	9.833792e-05	-1.008360e-06	-7.329700e-07	6.408700e-07	-7.850000e-09	1.023300e-07	2.817200e-07	1.823200e-07	5.800000e-10

394	16	10	0	1.002804e-04	-1.043290e-06	-7.594500e-07	6.479000e-07	-1.830000e-08	1.136000e-07	3.015000e-07	2.090000e-07	3.000000e-10

395	16	11	0	1.021470e-04	-1.077700e-06	-7.853000e-07	6.537000e-07	-2.940000e-08	1.249000e-07	3.212000e-07	2.363000e-07	0.000000e+00

396	16	12	0	1.038835e-04	-1.110600e-06	-8.097000e-07	6.584000e-07	-4.070000e-08	1.362000e-07	3.403000e-07	2.634000e-07	-4.000000e-10

397	16	13	0	1.054547e-04	-1.141200e-06	-8.322000e-07	6.619000e-07	-5.200000e-08	1.471000e-07	3.587000e-07	2.900000e-07	-7.000000e-10

398	16	14	0	1.068436e-04	-1.169500e-06	-8.528000e-07	6.641000e-07	-6.320000e-08	1.576000e-07	3.759000e-07	3.156000e-07	-1.100000e-09

399	16	15	0	1.080429e-04	-1.195000e-06	-8.711000e-07	6.651000e-07	-7.410000e-08	1.675000e-07	3.920000e-07	3.399000e-07	-1.500000e-09

400	16	16	0	1.090530e-04	-1.217900e-06	-8.874000e-07	6.649000e-07	-8.470000e-08	1.767000e-07	4.067000e-07	3.629000e-07	-1.900000e-09

401	16	17	0	1.098792e-04	-1.238100e-06	-9.015000e-07	6.638000e-07	-9.490000e-08	1.853000e-07	4.202000e-07	3.845000e-07	-2.300000e-09

402	16	18	0	1.105298e-04	-1.255600e-06	-9.136000e-07	6.617000e-07	-1.045000e-07	1.933000e-07	4.325000e-07	4.046000e-07	-2.600000e-09

403	16	19	0	1.110151e-04	-1.270700e-06	-9.238000e-07	6.586000e-07	-1.138000e-07	2.006000e-07	4.434000e-07	4.231000e-07	-3.100000e-09

404	16	20	0	1.113464e-04	-1.283400e-06	-9.321000e-07	6.549000e-07	-1.225000e-07	2.073000e-07	4.532000e-07	4.403000e-07	-3.500000e-09

405	16	21	0	1.115350e-04	-1.293800e-06	-9.387000e-07	6.506000e-07	-1.307000e-07	2.134000e-07	4.620000e-07	4.562000e-07	-3.700000e-09

406	16	22	0	1.115932e-04	-1.302300e-06	-9.439000e-07	6.456000e-07	-1.385000e-07	2.189000e-07	4.696000e-07	4.706000e-07	-4.200000e-09

407	16	23	0	1.115316e-04	-1.308800e-06	-9.475000e-07	6.402000e-07	-1.457000e-07	2.239000e-07	4.763000e-07	4.838000e-07	-4.500000e-09

408	17	0	0	6.934575e-05	-7.056500e-07	-5.058300e-07	4.434900e-07	-1.013000e-08	7.191000e-08	1.944800e-07	1.298300e-07	7.000000e-11

409	17	1	0	8.565551e-05	-8.678900e-07	-6.219500e-07	5.494600e-07	-9.880000e-09	8.646000e-08	2.366500e-07	1.544500e-07	1.400000e-10

410	17	2	0	9.618902e-05	-9.654700e-07	-6.916000e-07	6.213300e-07	-4.420000e-09	9.127000e-08	2.570200e-07	1.587400e-07	3.100000e-10

411	17	3	0	9.491414e-05	-9.371200e-07	-6.712100e-07	6.209400e-07	7.600000e-09	8.000000e-08	2.387800e-07	1.311000e-07	6.300000e-10

412	17	4	0	9.277954e-05	-9.068100e-07	-6.503800e-07	6.130900e-07	1.578000e-08	7.180000e-08	2.244900e-07	1.116300e-07	8.900000e-10

413	17	5	0	9.245104e-05	-9.039900e-07	-6.501400e-07	6.134800e-07	1.772000e-08	7.099000e-08	2.238300e-07	1.092900e-07	1.020000e-09

414	17	6	0	9.321505e-05	-9.182600e-07	-6.624800e-07	6.183200e-07	1.525000e-08	7.505000e-08	2.319200e-07	1.184300e-07	1.040000e-09

415	17	7	0	9.463538e-05	-9.432100e-07	-6.825100e-07	6.253700e-07	9.560000e-09	8.235000e-08	2.456300e-07	1.353300e-07	9.600000e-10

416	17	8	0	9.641213e-05	-9.743000e-07	-7.068000e-07	6.332000e-07	1.620000e-09	9.173000e-08	2.627600e-07	1.572900e-07	8.000000e-10

417	17	9	0	9.833792e-05	-1.008360e-06	-7.329700e-07	6.408700e-07	-7.850000e-09	1.023300e-07	2.817200e-07	1.823200e-07	5.800000e-10

418	17	10	0	1.002804e-04	-1.043290e-06	-7.594500e-07	6.479000e-07	-1.830000e-08	1.136000e-07	3.015000e-07	2.090000e-07	3.000000e-10

419	17	11	0	1.021470e-04	-1.077700e-06	-7.853000e-07	6.537000e-07	-2.940000e-08	1.249000e-07	3.212000e-07	2.363000e-07	0.000000e+00

420	17	12	0	1.038835e-04	-1.110600e-06	-8.097000e-07	6.584000e-07	-4.070000e-08	1.362000e-07	3.403000e-07	2.634000e-07	-4.000000e-10

421	17	13	0	1.054547e-04	-1.141200e-06	-8.322000e-07	6.619000e-07	-5.200000e-08	1.471000e-07	3.587000e-07	2.900000e-07	-7.000000e-10

422	17	14	0	1.068436e-04	-1.169500e-06	-8.528000e-07	6.641000e-07	-6.320000e-08	1.576000e-07	3.759000e-07	3.156000e-07	-1.100000e-09

423	17	15	0	1.080429e-04	-1.195000e-06	-8.711000e-07	6.651000e-07	-7.410000e-08	1.675000e-07	3.920000e-07	3.399000e-07	-1.500000e-09

424	17	16	0	1.090530e-04	-1.217900e-06	-8.874000e-07	6.649000e-07	-8.470000e-08	1.767000e-07	4.067000e-07	3.629000e-07	-1.900000e-09

425	17	17	0	1.098792e-04	-1.238100e-06	-9.015000e-07	6.638000e-07	-9.490000e-08	1.853000e-07	4.202000e-07	3.845000e-07	-2.300000e-09

426	17	18	0	1.105298e-04	-1.255600e-06	-9.136000e-07	6.617000e-07	-1.045000e-07	1.933000e-07	4.325000e-07	4.046000e-07	-2.600000e-09

427	17	19	0	1.110151e-04	-1.270700e-06	-9.238000e-07	6.586000e-07	-1.138000e-07	2.006000e-07	4.434000e-07	4.231000e-07	-3.100000e-09

428	17	20	0	1.113464e-04	-1.283400e-06	-9.321000e-07	6.549000e-07	-1.225000e-07	2.073000e-07	4.532000e-07	4.403000e-07	-3.500000e-09

429	17	21	0	1.115350e-04	-1.293800e-06	-9.387000e-07	6.506000e-07	-1.307000e-07	2.134000e-07	4.620000e-07	4.562000e-07	-3.700000e-09

430	17	22	0	1.115932e-04	-1.302300e-06	-9.439000e-07	6.456000e-07	-1.385000e-07	2.189000e-07	4.696000e-07	4.706000e-07	-4.200000e-09

431	17	23	0	1.115316e-04	-1.308800e-06	-9.475000e-07	6.402000e-07	-1.457000e-07	2.239000e-07	4.763000e-07	4.838000e-07	-4.500000e-09

432	18	0	0	6.934575e-05	-7.056500e-07	-5.058300e-07	4.434900e-07	-1.013000e-08	7.191000e-08	1.944800e-07	1.298300e-07	7.000000e-11

433	18	1	0	8.565551e-05	-8.678900e-07	-6.219500e-07	5.494600e-07	-9.880000e-09	8.646000e-08	2.366500e-07	1.544500e-07	1.400000e-10

434	18	2	0	9.618902e-05	-9.654700e-07	-6.916000e-07	6.213300e-07	-4.420000e-09	9.127000e-08	2.570200e-07	1.587400e-07	3.100000e-10

435	18	3	0	9.491414e-05	-9.371200e-07	-6.712100e-07	6.209400e-07	7.600000e-09	8.000000e-08	2.387800e-07	1.311000e-07	6.300000e-10

436	18	4	0	9.277954e-05	-9.068100e-07	-6.503800e-07	6.130900e-07	1.578000e-08	7.180000e-08	2.244900e-07	1.116300e-07	8.900000e-10

437	18	5	0	9.245104e-05	-9.039900e-07	-6.501400e-07	6.134800e-07	1.772000e-08	7.099000e-08	2.238300e-07	1.092900e-07	1.020000e-09

438	18	6	0	9.321505e-05	-9.182600e-07	-6.624800e-07	6.183200e-07	1.525000e-08	7.505000e-08	2.319200e-07	1.184300e-07	1.040000e-09

439	18	7	0	9.463538e-05	-9.432100e-07	-6.825100e-07	6.253700e-07	9.560000e-09	8.235000e-08	2.456300e-07	1.353300e-07	9.600000e-10

440	18	8	0	9.641213e-05	-9.743000e-07	-7.068000e-07	6.332000e-07	1.620000e-09	9.173000e-08	2.627600e-07	1.572900e-07	8.000000e-10

441	18	9	0	9.833792e-05	-1.008360e-06	-7.329700e-07	6.408700e-07	-7.850000e-09	1.023300e-07	2.817200e-07	1.823200e-07	5.800000e-10

442	18	10	0	1.002804e-04	-1.043290e-06	-7.594500e-07	6.479000e-07	-1.830000e-08	1.136000e-07	3.015000e-07	2.090000e-07	3.000000e-10

443	18	11	0	1.021470e-04	-1.077700e-06	-7.853000e-07	6.537000e-07	-2.940000e-08	1.249000e-07	3.212000e-07	2.363000e-07	0.000000e+00

444	18	12	0	1.038835e-04	-1.110600e-06	-8.097000e-07	6.584000e-07	-4.070000e-08	1.362000e-07	3.403000e-07	2.634000e-07	-4.000000e-10

445	18	13	0	1.054547e-04	-1.141200e-06	-8.322000e-07	6.619000e-07	-5.200000e-08	1.471000e-07	3.587000e-07	2.900000e-07	-7.000000e-10

446	18	14	0	1.068436e-04	-1.169500e-06	-8.528000e-07	6.641000e-07	-6.320000e-08	1.576000e-07	3.759000e-07	3.156000e-07	-1.100000e-09

447	18	15	0	1.080429e-04	-1.195000e-06	-8.711000e-07	6.651000e-07	-7.410000e-08	1.675000e-07	3.920000e-07	3.399000e-07	-1.500000e-09

448	18	16	0	1.090530e-04	-1.217900e-06	-8.874000e-07	6.649000e-07	-8.470000e-08	1.767000e-07	4.067000e-07	3.629000e-07	-1.900000e-09

449	18	17	0	1.098792e-04	-1.238100e-06	-9.015000e-07	6.638000e-07	-9.490000e-08	1.853000e-07	4.202000e-07	3.845000e-07	-2.300000e-09

450	18	18	0	1.105298e-04	-1.255600e-06	-9.136000e-07	6.617000e-07	-1.045000e-07	1.933000e-07	4.325000e-07	4.046000e-07	-2.600000e-09

451	18	19	0	1.110151e-04	-1.270700e-06	-9.238000e-07	6.586000e-07	-1.138000e-07	2.006000e-07	4.434000e-07	4.231000e-07	-3.100000e-09

452	18	20	0	1.113464e-04	-1.283400e-06	-9.321000e-07	6.549000e-07	-1.225000e-07	2.073000e-07	4.532000e-07	4.403000e-07	-3.500000e-09

453	18	21	0	1.115350e-04	-1.293800e-06	-9.387000e-07	6.506000e-07	-1.307000e-07	2.134000e-07	4.620000e-07	4.562000e-07	-3.700000e-09

454	18	22	0	1.115932e-04	-1.302300e-06	-9.439000e-07	6.456000e-07	-1.385000e-07	2.189000e-07	4.696000e-07	4.706000e-07	-4.200000e-09

455	18	23	0	1.115316e-04	-1.308800e-06	-9.475000e-07	6.402000e-07	-1.457000e-07	2.239000e-07	4.763000e-07	4.838000e-07	-4.500000e-09

456	19	0	0	6.934575e-05	-7.056500e-07	-5.058300e-07	4.434900e-07	-1.013000e-08	7.191000e-08	1.944800e-07	1.298300e-07	7.000000e-11

457	19	1	0	8.565551e-05	-8.678900e-07	-6.219500e-07	5.494600e-07	-9.880000e-09	8.646000e-08	2.366500e-07	1.544500e-07	1.400000e-10

458	19	2	0	9.618902e-05	-9.654700e-07	-6.916000e-07	6.213300e-07	-4.420000e-09	9.127000e-08	2.570200e-07	1.587400e-07	3.100000e-10

459	19	3	0	9.491414e-05	-9.371200e-07	-6.712100e-07	6.209400e-07	7.600000e-09	8.000000e-08	2.387800e-07	1.311000e-07	6.300000e-10

460	19	4	0	9.277954e-05	-9.068100e-07	-6.503800e-07	6.130900e-07	1.578000e-08	7.180000e-08	2.244900e-07	1.116300e-07	8.900000e-10

461	19	5	0	9.245104e-05	-9.039900e-07	-6.501400e-07	6.134800e-07	1.772000e-08	7.099000e-08	2.238300e-07	1.092900e-07	1.020000e-09

462	19	6	0	9.321505e-05	-9.182600e-07	-6.624800e-07	6.183200e-07	1.525000e-08	7.505000e-08	2.319200e-07	1.184300e-07	1.040000e-09

463	19	7	0	9.463538e-05	-9.432100e-07	-6.825100e-07	6.253700e-07	9.560000e-09	8.235000e-08	2.456300e-07	1.353300e-07	9.600000e-10

464	19	8	0	9.641213e-05	-9.743000e-07	-7.068000e-07	6.332000e-07	1.620000e-09	9.173000e-08	2.627600e-07	1.572900e-07	8.000000e-10

465	19	9	0	9.833792e-05	-1.008360e-06	-7.329700e-07	6.408700e-07	-7.850000e-09	1.023300e-07	2.817200e-07	1.823200e-07	5.800000e-10

466	19	10	0	1.002804e-04	-1.043290e-06	-7.594500e-07	6.479000e-07	-1.830000e-08	1.136000e-07	3.015000e-07	2.090000e-07	3.000000e-10

467	19	11	0	1.021470e-04	-1.077700e-06	-7.853000e-07	6.537000e-07	-2.940000e-08	1.249000e-07	3.212000e-07	2.363000e-07	0.000000e+00

468	19	12	0	1.038835e-04	-1.110600e-06	-8.097000e-07	6.584000e-07	-4.070000e-08	1.362000e-07	3.403000e-07	2.634000e-07	-4.000000e-10

469	19	13	0	1.054547e-04	-1.141200e-06	-8.322000e-07	6.619000e-07	-5.200000e-08	1.471000e-07	3.587000e-07	2.900000e-07	-7.000000e-10

470	19	14	0	1.068436e-04	-1.169500e-06	-8.528000e-07	6.641000e-07	-6.320000e-08	1.576000e-07	3.759000e-07	3.156000e-07	-1.100000e-09

471	19	15	0	1.080429e-04	-1.195000e-06	-8.711000e-07	6.651000e-07	-7.410000e-08	1.675000e-07	3.920000e-07	3.399000e-07	-1.500000e-09

472	19	16	0	1.090530e-04	-1.217900e-06	-8.874000e-07	6.649000e-07	-8.470000e-08	1.767000e-07	4.067000e-07	3.629000e-07	-1.900000e-09

473	19	17	0	1.098792e-04	-1.238100e-06	-9.015000e-07	6.638000e-07	-9.490000e-08	1.853000e-07	4.202000e-07	3.845000e-07	-2.300000e-09

474	19	18	0	1.105298e-04	-1.255600e-06	-9.136000e-07	6.617000e-07	-1.045000e-07	1.933000e-07	4.325000e-07	4.046000e-07	-2.600000e-09

475	19	19	0	1.110151e-04	-1.270700e-06	-9.238000e-07	6.586000e-07	-1.138000e-07	2.006000e-07	4.434000e-07	4.231000e-07	-3.100000e-09

476	19	20	0	1.113464e-04	-1.283400e-06	-9.321000e-07	6.549000e-07	-1.225000e-07	2.073000e-07	4.532000e-07	4.403000e-07	-3.500000e-09

477	19	21	0	1.115350e-04	-1.293800e-06	-9.387000e-07	6.506000e-07	-1.307000e-07	2.134000e-07	4.620000e-07	4.562000e-07	-3.700000e-09

478	19	22	0	1.115932e-04	-1.302300e-06	-9.439000e-07	6.456000e-07	-1.385000e-07	2.189000e-07	4.696000e-07	4.706000e-07	-4.200000e-09

479	19	23	0	1.115316e-04	-1.308800e-06	-9.475000e-07	6.402000e-07	-1.457000e-07	2.239000e-07	4.763000e-07	4.838000e-07	-4.500000e-09

480	20	0	0	6.934575e-05	-7.056500e-07	-5.058300e-07	4.434900e-07	-1.013000e-08	7.191000e-08	1.944800e-07	1.298300e-07	7.000000e-11

481	20	1	0	8.565551e-05	-8.678900e-07	-6.219500e-07	5.494600e-07	-9.880000e-09	8.646000e-08	2.366500e-07	1.544500e-07	1.400000e-10

482	20	2	0	9.618902e-05	-9.654700e-07	-6.916000e-07	6.213300e-07	-4.420000e-09	9.127000e-08	2.570200e-07	1.587400e-07	3.100000e-10

483	20	3	0	9.491414e-05	-9.371200e-07	-6.712100e-07	6.209400e-07	7.600000e-09	8.000000e-08	2.387800e-07	1.311000e-07	6.300000e-10

484	20	4	0	9.277954e-05	-9.068100e-07	-6.503800e-07	6.130900e-07	1.578000e-08	7.180000e-08	2.244900e-07	1.116300e-07	8.900000e-10

485	20	5	0	9.245104e-05	-9.039900e-07	-6.501400e-07	6.134800e-07	1.772000e-08	7.099000e-08	2.238300e-07	1.092900e-07	1.020000e-09

486	20	6	0	9.321505e-05	-9.182600e-07	-6.624800e-07	6.183200e-07	1.525000e-08	7.505000e-08	2.319200e-07	1.184300e-07	1.040000e-09

487	20	7	0	9.463538e-05	-9.432100e-07	-6.825100e-07	6.253700e-07	9.560000e-09	8.235000e-08	2.456300e-07	1.353300e-07	9.600000e-10

488	20	8	0	9.641213e-05	-9.743000e-07	-7.068000e-07	6.332000e-07	1.620000e-09	9.173000e-08	2.627600e-07	1.572900e-07	8.000000e-10

489	20	9	0	9.833792e-05	-1.008360e-06	-7.329700e-07	6.408700e-07	-7.850000e-09	1.023300e-07	2.817200e-07	1.823200e-07	5.800000e-10

490	20	10	0	1.002804e-04	-1.043290e-06	-7.594500e-07	6.479000e-07	-1.830000e-08	1.136000e-07	3.015000e-07	2.090000e-07	3.000000e-10

491	20	11	0	1.021470e-04	-1.077700e-06	-7.853000e-07	6.537000e-07	-2.940000e-08	1.249000e-07	3.212000e-07	2.363000e-07	0.000000e+00

492	20	12	0	1.038835e-04	-1.110600e-06	-8.097000e-07	6.584000e-07	-4.070000e-08	1.362000e-07	3.403000e-07	2.634000e-07	-4.000000e-10

493	20	13	0	1.054547e-04	-1.141200e-06	-8.322000e-07	6.619000e-07	-5.200000e-08	1.471000e-07	3.587000e-07	2.900000e-07	-7.000000e-10

494	20	14	0	1.068436e-04	-1.169500e-06	-8.528000e-07	6.641000e-07	-6.320000e-08	1.576000e-07	3.759000e-07	3.156000e-07	-1.100000e-09

495	20	15	0	1.080429e-04	-1.195000e-06	-8.711000e-07	6.651000e-07	-7.410000e-08	1.675000e-07	3.920000e-07	3.399000e-07	-1.500000e-09

496	20	16	0	1.090530e-04	-1.217900e-06	-8.874000e-07	6.649000e-07	-8.470000e-08	1.767000e-07	4.067000e-07	3.629000e-07	-1.900000e-09

497	20	17	0	1.098792e-04	-1.238100e-06	-9.015000e-07	6.638000e-07	-9.490000e-08	1.853000e-07	4.202000e-07	3.845000e-07	-2.300000e-09

498	20	18	0	1.105298e-04	-1.255600e-06	-9.136000e-07	6.617000e-07	-1.045000e-07	1.933000e-07	4.325000e-07	4.046000e-07	-2.600000e-09

499	20	19	0	1.110151e-04	-1.270700e-06	-9.238000e-07	6.586000e-07	-1.138000e-07	2.006000e-07	4.434000e-07	4.231000e-07	-3.100000e-09

500	20	20	0	1.113464e-04	-1.283400e-06	-9.321000e-07	6.549000e-07	-1.225000e-07	2.073000e-07	4.532000e-07	4.403000e-07	-3.500000e-09

501	20	21	0	1.115350e-04	-1.293800e-06	-9.387000e-07	6.506000e-07	-1.307000e-07	2.134000e-07	4.620000e-07	4.562000e-07	-3.700000e-09

502	20	22	0	1.115932e-04	-1.302300e-06	-9.439000e-07	6.456000e-07	-1.385000e-07	2.189000e-07	4.696000e-07	4.706000e-07	-4.200000e-09

503	20	23	0	1.115316e-04	-1.308800e-06	-9.475000e-07	6.402000e-07	-1.457000e-07	2.239000e-07	4.763000e-07	4.838000e-07	-4.500000e-09

504	21	0	0	6.934575e-05	-7.056500e-07	-5.058300e-07	4.434900e-07	-1.013000e-08	7.191000e-08	1.944800e-07	1.298300e-07	7.000000e-11

505	21	1	0	8.565551e-05	-8.678900e-07	-6.219500e-07	5.494600e-07	-9.880000e-09	8.646000e-08	2.366500e-07	1.544500e-07	1.400000e-10

506	21	2	0	9.618902e-05	-9.654700e-07	-6.916000e-07	6.213300e-07	-4.420000e-09	9.127000e-08	2.570200e-07	1.587400e-07	3.100000e-10

507	21	3	0	9.491414e-05	-9.371200e-07	-6.712100e-07	6.209400e-07	7.600000e-09	8.000000e-08	2.387800e-07	1.311000e-07	6.300000e-10

508	21	4	0	9.277954e-05	-9.068100e-07	-6.503800e-07	6.130900e-07	1.578000e-08	7.180000e-08	2.244900e-07	1.116300e-07	8.900000e-10

509	21	5	0	9.245104e-05	-9.039900e-07	-6.501400e-07	6.134800e-07	1.772000e-08	7.099000e-08	2.238300e-07	1.092900e-07	1.020000e-09

510	21	6	0	9.321505e-05	-9.182600e-07	-6.624800e-07	6.183200e-07	1.525000e-08	7.505000e-08	2.319200e-07	1.184300e-07	1.040000e-09

511	21	7	0	9.463538e-05	-9.432100e-07	-6.825100e-07	6.253700e-07	9.560000e-09	8.235000e-08	2.456300e-07	1.353300e-07	9.600000e-10

512	21	8	0	9.641213e-05	-9.743000e-07	-7.068000e-07	6.332000e-07	1.620000e-09	9.173000e-08	2.627600e-07	1.572900e-07	8.000000e-10

513	21	9	0	9.833792e-05	-1.008360e-06	-7.329700e-07	6.408700e-07	-7.850000e-09	1.023300e-07	2.817200e-07	1.823200e-07	5.800000e-10

514	21	10	0	1.002804e-04	-1.043290e-06	-7.594500e-07	6.479000e-07	-1.830000e-08	1.136000e-07	3.015000e-07	2.090000e-07	3.000000e-10

515	21	11	0	1.021470e-04	-1.077700e-06	-7.853000e-07	6.537000e-07	-2.940000e-08	1.249000e-07	3.212000e-07	2.363000e-07	0.000000e+00

516	21	12	0	1.038835e-04	-1.110600e-06	-8.097000e-07	6.584000e-07	-4.070000e-08	1.362000e-07	3.403000e-07	2.634000e-07	-4.000000e-10

517	21	13	0	1.054547e-04	-1.141200e-06	-8.322000e-07	6.619000e-07	-5.200000e-08	1.471000e-07	3.587000e-07	2.900000e-07	-7.000000e-10

518	21	14	0	1.068436e-04	-1.169500e-06	-8.528000e-07	6.641000e-07	-6.320000e-08	1.576000e-07	3.759000e-07	3.156000e-07	-1.100000e-09

519	21	15	0	1.080429e-04	-1.195000e-06	-8.711000e-07	6.651000e-07	-7.410000e-08	1.675000e-07	3.920000e-07	3.399000e-07	-1.500000e-09

520	21	16	0	1.090530e-04	-1.217900e-06	-8.874000e-07	6.649000e-07	-8.470000e-08	1.767000e-07	4.067000e-07	3.629000e-07	-1.900000e-09

521	21	17	0	1.098792e-04	-1.238100e-06	-9.015000e-07	6.638000e-07	-9.490000e-08	1.853000e-07	4.202000e-07	3.845000e-07	-2.300000e-09

522	21	18	0	1.105298e-04	-1.255600e-06	-9.136000e-07	6.617000e-07	-1.045000e-07	1.933000e-07	4.325000e-07	4.046000e-07	-2.600000e-09

523	21	19	0	1.110151e-04	-1.270700e-06	-9.238000e-07	6.586000e-07	-1.138000e-07	2.006000e-07	4.434000e-07	4.231000e-07	-3.100000e-09

524	21	20	0	1.113464e-04	-1.283400e-06	-9.321000e-07	6.549000e-07	-1.225000e-07	2.073000e-07	4.532000e-07	4.403000e-07	-3.500000e-09

525	21	21	0	1.115350e-04	-1.293800e-06	-9.387000e-07	6.506000e-07	-1.307000e-07	2.134000e-07	4.620000e-07	4.562000e-07	-3.700000e-09

526	21	22	0	1.115932e-04	-1.302300e-06	-9.439000e-07	6.456000e-07	-1.385000e-07	2.189000e-07	4.696000e-07	4.706000e-07	-4.200000e-09

527	21	23	0	1.115316e-04	-1.308800e-06	-9.475000e-07	6.402000e-07	-1.457000e-07	2.239000e-07	4.763000e-07	4.838000e-07	-4.500000e-09

528	22	0	0	6.934575e-05	-7.056500e-07	-5.058300e-07	4.434900e-07	-1.013000e-08	7.191000e-08	1.944800e-07	1.298300e-07	7.000000e-11

529	22	1	0	8.565551e-05	-8.678900e-07	-6.219500e-07	5.494600e-07	-9.880000e-09	8.646000e-08	2.366500e-07	1.544500e-07	1.400000e-10

530	22	2	0	9.618902e-05	-9.654700e-07	-6.916000e-07	6.213300e-07	-4.420000e-09	9.127000e-08	2.570200e-07	1.587400e-07	3.100000e-10

531	22	3	0	9.491414e-05	-9.371200e-07	-6.712100e-07	6.209400e-07	7.600000e-09	8.000000e-08	2.387800e-07	1.311000e-07	6.300000e-10

532	22	4	0	9.277954e-05	-9.068100e-07	-6.503800e-07	6.130900e-07	1.578000e-08	7.180000e-08	2.244900e-07	1.116300e-07	8.900000e-10

533	22	5	0	9.245104e-05	-9.039900e-07	-6.501400e-07	6.134800e-07	1.772000e-08	7.099000e-08	2.238300e-07	1.092900e-07	1.020000e-09

534	22	6	0	9.321505e-05	-9.182600e-07	-6.624800e-07	6.183200e-07	1.525000e-08	7.505000e-08	2.319200e-07	1.184300e-07	1.040000e-09

535	22	7	0	9.463538e-05	-9.432100e-07	-6.825100e-07	6.253700e-07	9.560000e-09	8.235000e-08	2.456300e-07	1.353300e-07	9.600000e-10

536	22	8	0	9.641213e-05	-9.743000e-07	-7.068000e-07	6.332000e-07	1.620000e-09	9.173000e-08	2.627600e-07	1.572900e-07	8.000000e-10

537	22	9	0	9.833792e-05	-1.008360e-06	-7.329700e-07	6.408700e-07	-7.850000e-09	1.023300e-07	2.817200e-07	1.823200e-07	5.800000e-10

538	22	10	0	1.002804e-04	-1.043290e-06	-7.594500e-07	6.479000e-07	-1.830000e-08	1.136000e-07	3.015000e-07	2.090000e-07	3.000000e-10

539	22	11	0	1.021470e-04	-1.077700e-06	-7.853000e-07	6.537000e-07	-2.940000e-08	1.249000e-07	3.212000e-07	2.363000e-07	0.000000e+00

540	22	12	0	1.038835e-04	-1.110600e-06	-8.097000e-07	6.584000e-07	-4.070000e-08	1.362000e-07	3.403000e-07	2.634000e-07	-4.000000e-10

541	22	13	0	1.054547e-04	-1.141200e-06	-8.322000e-07	6.619000e-07	-5.200000e-08	1.471000e-07	3.587000e-07	2.900000e-07	-7.000000e-10

542	22	14	0	1.068436e-04	-1.169500e-06	-8.528000e-07	6.641000e-07	-6.320000e-08	1.576000e-07	3.759000e-07	3.156000e-07	-1.100000e-09

543	22	15	0	1.080429e-04	-1.195000e-06	-8.711000e-07	6.651000e-07	-7.410000e-08	1.675000e-07	3.920000e-07	3.399000e-07	-1.500000e-09

544	22	16	0	1.090530e-04	-1.217900e-06	-8.874000e-07	6.649000e-07	-8.470000e-08	1.767000e-07	4.067000e-07	3.629000e-07	-1.900000e-09

545	22	17	0	1.098792e-04	-1.238100e-06	-9.015000e-07	6.638000e-07	-9.490000e-08	1.853000e-07	4.202000e-07	3.845000e-07	-2.300000e-09

546	22	18	0	1.105298e-04	-1.255600e-06	-9.136000e-07	6.617000e-07	-1.045000e-07	1.933000e-07	4.325000e-07	4.046000e-07	-2.600000e-09

547	22	19	0	1.110151e-04	-1.270700e-06	-9.238000e-07	6.586000e-07	-1.138000e-07	2.006000e-07	4.434000e-07	4.231000e-07	-3.100000e-09

548	22	20	0	1.113464e-04	-1.283400e-06	-9.321000e-07	6.549000e-07	-1.225000e-07	2.073000e-07	4.532000e-07	4.403000e-07	-3.500000e-09

549	22	21	0	1.115350e-04	-1.293800e-06	-9.387000e-07	6.506000e-07	-1.307000e-07	2.134000e-07	4.620000e-07	4.562000e-07	-3.700000e-09

550	22	22	0	1.115932e-04	-1.302300e-06	-9.439000e-07	6.456000e-07	-1.385000e-07	2.189000e-07	4.696000e-07	4.706000e-07	-4.200000e-09

551	22	23	0	1.115316e-04	-1.308800e-06	-9.475000e-07	6.402000e-07	-1.457000e-07	2.239000e-07	4.763000e-07	4.838000e-07	-4.500000e-09

552	23	0	0	6.934575e-05	-7.056500e-07	-5.058300e-07	4.434900e-07	-1.013000e-08	7.191000e-08	1.944800e-07	1.298300e-07	7.000000e-11

553	23	1	0	8.565551e-05	-8.678900e-07	-6.219500e-07	5.494600e-07	-9.880000e-09	8.646000e-08	2.366500e-07	1.544500e-07	1.400000e-10

554	23	2	0	9.618902e-05	-9.654700e-07	-6.916000e-07	6.213300e-07	-4.420000e-09	9.127000e-08	2.570200e-07	1.587400e-07	3.100000e-10

555	23	3	0	9.491414e-05	-9.371200e-07	-6.712100e-07	6.209400e-07	7.600000e-09	8.000000e-08	2.387800e-07	1.311000e-07	6.300000e-10

556	23	4	0	9.277954e-05	-9.068100e-07	-6.503800e-07	6.130900e-07	1.578000e-08	7.180000e-08	2.244900e-07	1.116300e-07	8.900000e-10

557	23	5	0	9.245104e-05	-9.039900e-07	-6.501400e-07	6.134800e-07	1.772000e-08	7.099000e-08	2.238300e-07	1.092900e-07	1.020000e-09

558	23	6	0	9.321505e-05	-9.182600e-07	-6.624800e-07	6.183200e-07	1.525000e-08	7.505000e-08	2.319200e-07	1.184300e-07	1.040000e-09

559	23	7	0	9.463538e-05	-9.432100e-07	-6.825100e-07	6.253700e-07	9.560000e-09	8.235000e-08	2.456300e-07	1.353300e-07	9.600000e-10

560	23	8	0	9.641213e-05	-9.743000e-07	-7.068000e-07	6.332000e-07	1.620000e-09	9.173000e-08	2.627600e-07	1.572900e-07	8.000000e-10

561	23	9	0	9.833792e-05	-1.008360e-06	-7.329700e-07	6.408700e-07	-7.850000e-09	1.023300e-07	2.817200e-07	1.823200e-07	5.800000e-10

562	23	10	0	1.002804e-04	-1.043290e-06	-7.594500e-07	6.479000e-07	-1.830000e-08	1.136000e-07	3.015000e-07	2.090000e-07	3.000000e-10

563	23	11	0	1.021470e-04	-1.077700e-06	-7.853000e-07	6.537000e-07	-2.940000e-08	1.249000e-07	3.212000e-07	2.363000e-07	0.000000e+00

564	23	12	0	1.038835e-04	-1.110600e-06	-8.097000e-07	6.584000e-07	-4.070000e-08	1.362000e-07	3.403000e-07	2.634000e-07	-4.000000e-10

565	23	13	0	1.054547e-04	-1.141200e-06	-8.322000e-07	6.619000e-07	-5.200000e-08	1.471000e-07	3.587000e-07	2.900000e-07	-7.000000e-10

566	23	14	0	1.068436e-04	-1.169500e-06	-8.528000e-07	6.641000e-07	-6.320000e-08	1.576000e-07	3.759000e-07	3.156000e-07	-1.100000e-09

567	23	15	0	1.080429e-04	-1.195000e-06	-8.711000e-07	6.651000e-07	-7.410000e-08	1.675000e-07	3.920000e-07	3.399000e-07	-1.500000e-09

568	23	16	0	1.090530e-04	-1.217900e-06	-8.874000e-07	6.649000e-07	-8.470000e-08	1.767000e-07	4.067000e-07	3.629000e-07	-1.900000e-09

569	23	17	0	1.098792e-04	-1.238100e-06	-9.015000e-07	6.638000e-07	-9.490000e-08	1.853000e-07	4.202000e-07	3.845000e-07	-2.300000e-09

570	23	18	0	1.105298e-04	-1.255600e-06	-9.136000e-07	6.617000e-07	-1.045000e-07	1.933000e-07	4.325000e-07	4.046000e-07	-2.600000e-09

571	23	19	0	1.110151e-04	-1.270700e-06	-9.238000e-07	6.586000e-07	-1.138000e-07	2.006000e-07	4.434000e-07	4.231000e-07	-3.100000e-09

572	23	20	0	1.113464e-04	-1.283400e-06	-9.321000e-07	6.549000e-07	-1.225000e-07	2.073000e-07	4.532000e-07	4.403000e-07	-3.500000e-09

573	23	21	0	1.115350e-04	-1.293800e-06	-9.387000e-07	6.506000e-07	-1.307000e-07	2.134000e-07	4.620000e-07	4.562000e-07	-3.700000e-09

574	23	22	0	1.115932e-04	-1.302300e-06	-9.439000e-07	6.456000e-07	-1.385000e-07	2.189000e-07	4.696000e-07	4.706000e-07	-4.200000e-09

575	23	23	0	1.115316e-04	-1.308800e-06	-9.475000e-07	6.402000e-07	-1.457000e-07	2.239000e-07	4.763000e-07	4.838000e-07	-4.500000e-09

576	24	0	0	6.934575e-05	-7.056500e-07	-5.058300e-07	4.434900e-07	-1.013000e-08	7.191000e-08	1.944800e-07	1.298300e-07	7.000000e-11

577	24	1	0	8.565551e-05	-8.678900e-07	-6.219500e-07	5.494600e-07	-9.880000e-09	8.646000e-08	2.366500e-07	1.544500e-07	1.400000e-10

578	24	2	0	9.618902e-05	-9.654700e-07	-6.916000e-07	6.213300e-07	-4.420000e-09	9.127000e-08	2.570200e-07	1.587400e-07	3.100000e-10

579	24	3	0	9.491414e-05	-9.371200e-07	-6.712100e-07	6.209400e-07	7.600000e-09	8.000000e-08	2.387800e-07	1.311000e-07	6.300000e-10

580	24	4	0	9.277954e-05	-9.068100e-07	-6.503800e-07	6.130900e-07	1.578000e-08	7.180000e-08	2.244900e-07	1.116300e-07	8.900000e-10

581	24	5	0	9.245104e-05	-9.039900e-07	-6.501400e-07	6.134800e-07	1.772000e-08	7.099000e-08	2.238300e-07	1.092900e-07	1.020000e-09

582	24	6	0	9.321505e-05	-9.182600e-07	-6.624800e-07	6.183200e-07	1.525000e-08	7.505000e-08	2.319200e-07	1.184300e-07	1.040000e-09

583	24	7	0	9.463538e-05	-9.432100e-07	-6.825100e-07	6.253700e-07	9.560000e-09	8.235000e-08	2.456300e-07	1.353300e-07	9.600000e-10

584	24	8	0	9.641213e-05	-9.743000e-07	-7.068000e-07	6.332000e-07	1.620000e-09	9.173000e-08	2.627600e-07	1.572900e-07	8.000000e-10

585	24	9	0	9.833792e-05	-1.008360e-06	-7.329700e-07	6.408700e-07	-7.850000e-09	1.023300e-07	2.817200e-07	1.823200e-07	5.800000e-10

586	24	10	0	1.002804e-04	-1.043290e-06	-7.594500e-07	6.479000e-07	-1.830000e-08	1.136000e-07	3.015000e-07	2.090000e-07	3.000000e-10

587	24	11	0	1.021470e-04	-1.077700e-06	-7.853000e-07	6.537000e-07	-2.940000e-08	1.249000e-07	3.212000e-07	2.363000e-07	0.000000e+00

588	24	12	0	1.038835e-04	-1.110600e-06	-8.097000e-07	6.584000e-07	-4.070000e-08	1.362000e-07	3.403000e-07	2.634000e-07	-4.000000e-10

589	24	13	0	1.054547e-04	-1.141200e-06	-8.322000e-07	6.619000e-07	-5.200000e-08	1.471000e-07	3.587000e-07	2.900000e-07	-7.000000e-10

590	24	14	0	1.068436e-04	-1.169500e-06	-8.528000e-07	6.641000e-07	-6.320000e-08	1.576000e-07	3.759000e-07	3.156000e-07	-1.100000e-09

591	24	15	0	1.080429e-04	-1.195000e-06	-8.711000e-07	6.651000e-07	-7.410000e-08	1.675000e-07	3.920000e-07	3.399000e-07	-1.500000e-09

592	24	16	0	1.090530e-04	-1.217900e-06	-8.874000e-07	6.649000e-07	-8.470000e-08	1.767000e-07	4.067000e-07	3.629000e-07	-1.900000e-09

593	24	17	0	1.098792e-04	-1.238100e-06	-9.015000e-07	6.638000e-07	-9.490000e-08	1.853000e-07	4.202000e-07	3.845000e-07	-2.300000e-09

594	24	18	0	1.105298e-04	-1.255600e-06	-9.136000e-07	6.617000e-07	-1.045000e-07	1.933000e-07	4.325000e-07	4.046000e-07	-2.600000e-09

595	24	19	0	1.110151e-04	-1.270700e-06	-9.238000e-07	6.586000e-07	-1.138000e-07	2.006000e-07	4.434000e-07	4.231000e-07	-3.100000e-09

596	24	20	0	1.113464e-04	-1.283400e-06	-9.321000e-07	6.549000e-07	-1.225000e-07	2.073000e-07	4.532000e-07	4.403000e-07	-3.500000e-09

597	24	21	0	1.115350e-04	-1.293800e-06	-9.387000e-07	6.506000e-07	-1.307000e-07	2.134000e-07	4.620000e-07	4.562000e-07	-3.700000e-09

598	24	22	0	1.115932e-04	-1.302300e-06	-9.439000e-07	6.456000e-07	-1.385000e-07	2.189000e-07	4.696000e-07	4.706000e-07	-4.200000e-09

599	24	23	0	1.115316e-04	-1.308800e-06	-9.475000e-07	6.402000e-07	-1.457000e-07	2.239000e-07	4.763000e-07	4.838000e-07	-4.500000e-09

600	25	0	0	6.934575e-05	-7.056500e-07	-5.058300e-07	4.434900e-07	-1.013000e-08	7.191000e-08	1.944800e-07	1.298300e-07	7.000000e-11

601	25	1	0	8.565551e-05	-8.678900e-07	-6.219500e-07	5.494600e-07	-9.880000e-09	8.646000e-08	2.366500e-07	1.544500e-07	1.400000e-10

602	25	2	0	9.618902e-05	-9.654700e-07	-6.916000e-07	6.213300e-07	-4.420000e-09	9.127000e-08	2.570200e-07	1.587400e-07	3.100000e-10

603	25	3	0	9.491414e-05	-9.371200e-07	-6.712100e-07	6.209400e-07	7.600000e-09	8.000000e-08	2.387800e-07	1.311000e-07	6.300000e-10

604	25	4	0	9.277954e-05	-9.068100e-07	-6.503800e-07	6.130900e-07	1.578000e-08	7.180000e-08	2.244900e-07	1.116300e-07	8.900000e-10

605	25	5	0	9.245104e-05	-9.039900e-07	-6.501400e-07	6.134800e-07	1.772000e-08	7.099000e-08	2.238300e-07	1.092900e-07	1.020000e-09

606	25	6	0	9.321505e-05	-9.182600e-07	-6.624800e-07	6.183200e-07	1.525000e-08	7.505000e-08	2.319200e-07	1.184300e-07	1.040000e-09

607	25	7	0	9.463538e-05	-9.432100e-07	-6.825100e-07	6.253700e-07	9.560000e-09	8.235000e-08	2.456300e-07	1.353300e-07	9.600000e-10

608	25	8	0	9.641213e-05	-9.743000e-07	-7.068000e-07	6.332000e-07	1.620000e-09	9.173000e-08	2.627600e-07	1.572900e-07	8.000000e-10

609	25	9	0	9.833792e-05	-1.008360e-06	-7.329700e-07	6.408700e-07	-7.850000e-09	1.023300e-07	2.817200e-07	1.823200e-07	5.800000e-10

610	25	10	0	1.002804e-04	-1.043290e-06	-7.594500e-07	6.479000e-07	-1.830000e-08	1.136000e-07	3.015000e-07	2.090000e-07	3.000000e-10

611	25	11	0	1.021470e-04	-1.077700e-06	-7.853000e-07	6.537000e-07	-2.940000e-08	1.249000e-07	3.212000e-07	2.363000e-07	0.000000e+00

612	25	12	0	1.038835e-04	-1.110600e-06	-8.097000e-07	6.584000e-07	-4.070000e-08	1.362000e-07	3.403000e-07	2.634000e-07	-4.000000e-10

613	25	13	0	1.054547e-04	-1.141200e-06	-8.322000e-07	6.619000e-07	-5.200000e-08	1.471000e-07	3.587000e-07	2.900000e-07	-7.000000e-10

614	25	14	0	1.068436e-04	-1.169500e-06	-8.528000e-07	6.641000e-07	-6.320000e-08	1.576000e-07	3.759000e-07	3.156000e-07	-1.100000e-09

615	25	15	0	1.080429e-04	-1.195000e-06	-8.711000e-07	6.651000e-07	-7.410000e-08	1.675000e-07	3.920000e-07	3.399000e-07	-1.500000e-09

616	25	16	0	1.090530e-04	-1.217900e-06	-8.874000e-07	6.649000e-07	-8.470000e-08	1.767000e-07	4.067000e-07	3.629000e-07	-1.900000e-09

617	25	17	0	1.098792e-04	-1.238100e-06	-9.015000e-07	6.638000e-07	-9.490000e-08	1.853000e-07	4.202000e-07	3.845000e-07	-2.300000e-09

618	25	18	0	1.105298e-04	-1.255600e-06	-9.136000e-07	6.617000e-07	-1.045000e-07	1.933000e-07	4.325000e-07	4.046000e-07	-2.600000e-09

619	25	19	0	1.110151e-04	-1.270700e-06	-9.238000e-07	6.586000e-07	-1.138000e-07	2.006000e-07	4.434000e-07	4.231000e-07	-3.100000e-09

620	25	20	0	1.113464e-04	-1.283400e-06	-9.321000e-07	6.549000e-07	-1.225000e-07	2.073000e-07	4.532000e-07	4.403000e-07	-3.500000e-09

621	25	21	0	1.115350e-04	-1.293800e-06	-9.387000e-07	6.506000e-07	-1.307000e-07	2.134000e-07	4.620000e-07	4.562000e-07	-3.700000e-09

622	25	22	0	1.115932e-04	-1.302300e-06	-9.439000e-07	6.456000e-07	-1.385000e-07	2.189000e-07	4.696000e-07	4.706000e-07	-4.200000e-09

623	25	23	0	1.115316e-04	-1.308800e-06	-9.475000e-07	6.402000e-07	-1.457000e-07	2.239000e-07	4.763000e-07	4.838000e-07	-4.500000e-09

624	26	0	0	6.934575e-05	-7.056500e-07	-5.058300e-07	4.434900e-07	-1.013000e-08	7.191000e-08	1.944800e-07	1.298300e-07	7.000000e-11

625	26	1	0	8.565551e-05	-8.678900e-07	-6.219500e-07	5.494600e-07	-9.880000e-09	8.646000e-08	2.366500e-07	1.544500e-07	1.400000e-10

626	26	2	0	9.618902e-05	-9.654700e-07	-6.916000e-07	6.213300e-07	-4.420000e-09	9.127000e-08	2.570200e-07	1.587400e-07	3.100000e-10

627	26	3	0	9.491414e-05	-9.371200e-07	-6.712100e-07	6.209400e-07	7.600000e-09	8.000000e-08	2.387800e-07	1.311000e-07	6.300000e-10

628	26	4	0	9.277954e-05	-9.068100e-07	-6.503800e-07	6.130900e-07	1.578000e-08	7.180000e-08	2.244900e-07	1.116300e-07	8.900000e-10

629	26	5	0	9.245104e-05	-9.039900e-07	-6.501400e-07	6.134800e-07	1.772000e-08	7.099000e-08	2.238300e-07	1.092900e-07	1.020000e-09

630	26	6	0	9.321505e-05	-9.182600e-07	-6.624800e-07	6.183200e-07	1.525000e-08	7.505000e-08	2.319200e-07	1.184300e-07	1.040000e-09

631	26	7	0	9.463538e-05	-9.432100e-07	-6.825100e-07	6.253700e-07	9.560000e-09	8.235000e-08	2.456300e-07	1.353300e-07	9.600000e-10

632	26	8	0	9.641213e-05	-9.743000e-07	-7.068000e-07	6.332000e-07	1.620000e-09	9.173000e-08	2.627600e-07	1.572900e-07	8.000000e-10

633	26	9	0	9.833792e-05	-1.008360e-06	-7.329700e-07	6.408700e-07	-7.850000e-09	1.023300e-07	2.817200e-07	1.823200e-07	5.800000e-10

634	26	10	0	1.002804e-04	-1.043290e-06	-7.594500e-07	6.479000e-07	-1.830000e-08	1.136000e-07	3.015000e-07	2.090000e-07	3.000000e-10

635	26	11	0	1.021470e-04	-1.077700e-06	-7.853000e-07	6.537000e-07	-2.940000e-08	1.249000e-07	3.212000e-07	2.363000e-07	0.000000e+00

636	26	12	0	1.038835e-04	-1.110600e-06	-8.097000e-07	6.584000e-07	-4.070000e-08	1.362000e-07	3.403000e-07	2.634000e-07	-4.000000e-10

637	26	13	0	1.054547e-04	-1.141200e-06	-8.322000e-07	6.619000e-07	-5.200000e-08	1.471000e-07	3.587000e-07	2.900000e-07	-7.000000e-10

638	26	14	0	1.068436e-04	-1.169500e-06	-8.528000e-07	6.641000e-07	-6.320000e-08	1.576000e-07	3.759000e-07	3.156000e-07	-1.100000e-09

639	26	15	0	1.080429e-04	-1.195000e-06	-8.711000e-07	6.651000e-07	-7.410000e-08	1.675000e-07	3.920000e-07	3.399000e-07	-1.500000e-09

640	26	16	0	1.090530e-04	-1.217900e-06	-8.874000e-07	6.649000e-07	-8.470000e-08	1.767000e-07	4.067000e-07	3.629000e-07	-1.900000e-09

641	26	17	0	1.098792e-04	-1.238100e-06	-9.015000e-07	6.638000e-07	-9.490000e-08	1.853000e-07	4.202000e-07	3.845000e-07	-2.300000e-09

642	26	18	0	1.105298e-04	-1.255600e-06	-9.136000e-07	6.617000e-07	-1.045000e-07	1.933000e-07	4.325000e-07	4.046000e-07	-2.600000e-09

643	26	19	0	1.110151e-04	-1.270700e-06	-9.238000e-07	6.586000e-07	-1.138000e-07	2.006000e-07	4.434000e-07	4.231000e-07	-3.100000e-09

644	26	20	0	1.113464e-04	-1.283400e-06	-9.321000e-07	6.549000e-07	-1.225000e-07	2.073000e-07	4.532000e-07	4.403000e-07	-3.500000e-09

645	26	21	0	1.115350e-04	-1.293800e-06	-9.387000e-07	6.506000e-07	-1.307000e-07	2.134000e-07	4.620000e-07	4.562000e-07	-3.700000e-09

646	26	22	0	1.115932e-04	-1.302300e-06	-9.439000e-07	6.456000e-07	-1.385000e-07	2.189000e-07	4.696000e-07	4.706000e-07	-4.200000e-09

647	26	23	0	1.115316e-04	-1.308800e-06	-9.475000e-07	6.402000e-07	-1.457000e-07	2.239000e-07	4.763000e-07	4.838000e-07	-4.500000e-09

648	27	0	0	6.934575e-05	-7.056500e-07	-5.058300e-07	4.434900e-07	-1.013000e-08	7.191000e-08	1.944800e-07	1.298300e-07	7.000000e-11

649	27	1	0	8.565551e-05	-8.678900e-07	-6.219500e-07	5.494600e-07	-9.880000e-09	8.646000e-08	2.366500e-07	1.544500e-07	1.400000e-10

650	27	2	0	9.618902e-05	-9.654700e-07	-6.916000e-07	6.213300e-07	-4.420000e-09	9.127000e-08	2.570200e-07	1.587400e-07	3.100000e-10

651	27	3	0	9.491414e-05	-9.371200e-07	-6.712100e-07	6.209400e-07	7.600000e-09	8.000000e-08	2.387800e-07	1.311000e-07	6.300000e-10

652	27	4	0	9.277954e-05	-9.068100e-07	-6.503800e-07	6.130900e-07	1.578000e-08	7.180000e-08	2.244900e-07	1.116300e-07	8.900000e-10

653	27	5	0	9.245104e-05	-9.039900e-07	-6.501400e-07	6.134800e-07	1.772000e-08	7.099000e-08	2.238300e-07	1.092900e-07	1.020000e-09

654	27	6	0	9.321505e-05	-9.182600e-07	-6.624800e-07	6.183200e-07	1.525000e-08	7.505000e-08	2.319200e-07	1.184300e-07	1.040000e-09

655	27	7	0	9.463538e-05	-9.432100e-07	-6.825100e-07	6.253700e-07	9.560000e-09	8.235000e-08	2.456300e-07	1.353300e-07	9.600000e-10

656	27	8	0	9.641213e-05	-9.743000e-07	-7.068000e-07	6.332000e-07	1.620000e-09	9.173000e-08	2.627600e-07	1.572900e-07	8.000000e-10

657	27	9	0	9.833792e-05	-1.008360e-06	-7.329700e-07	6.408700e-07	-7.850000e-09	1.023300e-07	2.817200e-07	1.823200e-07	5.800000e-10

658	27	10	0	1.002804e-04	-1.043290e-06	-7.594500e-07	6.479000e-07	-1.830000e-08	1.136000e-07	3.015000e-07	2.090000e-07	3.000000e-10

659	27	11	0	1.021470e-04	-1.077700e-06	-7.853000e-07	6.537000e-07	-2.940000e-08	1.249000e-07	3.212000e-07	2.363000e-07	0.000000e+00

660	27	12	0	1.038835e-04	-1.110600e-06	-8.097000e-07	6.584000e-07	-4.070000e-08	1.362000e-07	3.403000e-07	2.634000e-07	-4.000000e-10

661	27	13	0	1.054547e-04	-1.141200e-06	-8.322000e-07	6.619000e-07	-5.200000e-08	1.471000e-07	3.587000e-07	2.900000e-07	-7.000000e-10

662	27	14	0	1.068436e-04	-1.169500e-06	-8.528000e-07	6.641000e-07	-6.320000e-08	1.576000e-07	3.759000e-07	3.156000e-07	-1.100000e-09

663	27	15	0	1.080429e-04	-1.195000e-06	-8.711000e-07	6.651000e-07	-7.410000e-08	1.675000e-07	3.920000e-07	3.399000e-07	-1.500000e-09

664	27	16	0	1.090530e-04	-1.217900e-06	-8.874000e-07	6.649000e-07	-8.470000e-08	1.767000e-07	4.067000e-07	3.629000e-07	-1.900000e-09

665	27	17	0	1.098792e-04	-1.238100e-06	-9.015000e-07	6.638000e-07	-9.490000e-08	1.853000e-07	4.202000e-07	3.845000e-07	-2.300000e-09

666	27	18	0	1.105298e-04	-1.255600e-06	-9.136000e-07	6.617000e-07	-1.045000e-07	1.933000e-07	4.325000e-07	4.046000e-07	-2.600000e-09

667	27	19	0	1.110151e-04	-1.270700e-06	-9.238000e-07	6.586000e-07	-1.138000e-07	2.006000e-07	4.434000e-07	4.231000e-07	-3.100000e-09

668	27	20	0	1.113464e-04	-1.283400e-06	-9.321000e-07	6.549000e-07	-1.225000e-07	2.073000e-07	4.532000e-07	4.403000e-07	-3.500000e-09

669	27	21	0	1.115350e-04	-1.293800e-06	-9.387000e-07	6.506000e-07	-1.307000e-07	2.134000e-07	4.620000e-07	4.562000e-07	-3.700000e-09

670	27	22	0	1.115932e-04	-1.302300e-06	-9.439000e-07	6.456000e-07	-1.385000e-07	2.189000e-07	4.696000e-07	4.706000e-07	-4.200000e-09

671	27	23	0	1.115316e-04	-1.308800e-06	-9.475000e-07	6.402000e-07	-1.457000e-07	2.239000e-07	4.763000e-07	4.838000e-07	-4.500000e-09

672	28	0	0	6.934575e-05	-7.056500e-07	-5.058300e-07	4.434900e-07	-1.013000e-08	7.191000e-08	1.944800e-07	1.298300e-07	7.000000e-11

673	28	1	0	8.565551e-05	-8.678900e-07	-6.219500e-07	5.494600e-07	-9.880000e-09	8.646000e-08	2.366500e-07	1.544500e-07	1.400000e-10

674	28	2	0	9.618902e-05	-9.654700e-07	-6.916000e-07	6.213300e-07	-4.420000e-09	9.127000e-08	2.570200e-07	1.587400e-07	3.100000e-10

675	28	3	0	9.491414e-05	-9.371200e-07	-6.712100e-07	6.209400e-07	7.600000e-09	8.000000e-08	2.387800e-07	1.311000e-07	6.300000e-10

676	28	4	0	9.277954e-05	-9.068100e-07	-6.503800e-07	6.130900e-07	1.578000e-08	7.180000e-08	2.244900e-07	1.116300e-07	8.900000e-10

677	28	5	0	9.245104e-05	-9.039900e-07	-6.501400e-07	6.134800e-07	1.772000e-08	7.099000e-08	2.238300e-07	1.092900e-07	1.020000e-09

678	28	6	0	9.321505e-05	-9.182600e-07	-6.624800e-07	6.183200e-07	1.525000e-08	7.505000e-08	2.319200e-07	1.184300e-07	1.040000e-09

679	28	7	0	9.463538e-05	-9.432100e-07	-6.825100e-07	6.253700e-07	9.560000e-09	8.235000e-08	2.456300e-07	1.353300e-07	9.600000e-10

680	28	8	0	9.641213e-05	-9.743000e-07	-7.068000e-07	6.332000e-07	1.620000e-09	9.173000e-08	2.627600e-07	1.572900e-07	8.000000e-10

681	28	9	0	9.833792e-05	-1.008360e-06	-7.329700e-07	6.408700e-07	-7.850000e-09	1.023300e-07	2.817200e-07	1.823200e-07	5.800000e-10

682	28	10	0	1.002804e-04	-1.043290e-06	-7.594500e-07	6.479000e-07	-1.830000e-08	1.136000e-07	3.015000e-07	2.090000e-07	3.000000e-10

683	28	11	0	1.021470e-04	-1.077700e-06	-7.853000e-07	6.537000e-07	-2.940000e-08	1.249000e-07	3.212000e-07	2.363000e-07	0.000000e+00

684	28	12	0	1.038835e-04	-1.110600e-06	-8.097000e-07	6.584000e-07	-4.070000e-08	1.362000e-07	3.403000e-07	2.634000e-07	-4.000000e-10

685	28	13	0	1.054547e-04	-1.141200e-06	-8.322000e-07	6.619000e-07	-5.200000e-08	1.471000e-07	3.587000e-07	2.900000e-07	-7.000000e-10

686	28	14	0	1.068436e-04	-1.169500e-06	-8.528000e-07	6.641000e-07	-6.320000e-08	1.576000e-07	3.759000e-07	3.156000e-07	-1.100000e-09

687	28	15	0	1.080429e-04	-1.195000e-06	-8.711000e-07	6.651000e-07	-7.410000e-08	1.675000e-07	3.920000e-07	3.399000e-07	-1.500000e-09

688	28	16	0	1.090530e-04	-1.217900e-06	-8.874000e-07	6.649000e-07	-8.470000e-08	1.767000e-07	4.067000e-07	3.629000e-07	-1.900000e-09

689	28	17	0	1.098792e-04	-1.238100e-06	-9.015000e-07	6.638000e-07	-9.490000e-08	1.853000e-07	4.202000e-07	3.845000e-07	-2.300000e-09

690	28	18	0	1.105298e-04	-1.255600e-06	-9.136000e-07	6.617000e-07	-1.045000e-07	1.933000e-07	4.325000e-07	4.046000e-07	-2.600000e-09

691	28	19	0	1.110151e-04	-1.270700e-06	-9.238000e-07	6.586000e-07	-1.138000e-07	2.006000e-07	4.434000e-07	4.231000e-07	-3.100000e-09

692	28	20	0	1.113464e-04	-1.283400e-06	-9.321000e-07	6.549000e-07	-1.225000e-07	2.073000e-07	4.532000e-07	4.403000e-07	-3.500000e-09

693	28	21	0	1.115350e-04	-1.293800e-06	-9.387000e-07	6.506000e-07	-1.307000e-07	2.134000e-07	4.620000e-07	4.562000e-07	-3.700000e-09

694	28	22	0	1.115932e-04	-1.302300e-06	-9.439000e-07	6.456000e-07	-1.385000e-07	2.189000e-07	4.696000e-07	4.706000e-07	-4.200000e-09

695	28	23	0	1.115316e-04	-1.308800e-06	-9.475000e-07	6.402000e-07	-1.457000e-07	2.239000e-07	4.763000e-07	4.838000e-07	-4.500000e-09

696	29	0	0	6.934575e-05	-7.056500e-07	-5.058300e-07	4.434900e-07	-1.013000e-08	7.191000e-08	1.944800e-07	1.298300e-07	7.000000e-11

697	29	1	0	8.565551e-05	-8.678900e-07	-6.219500e-07	5.494600e-07	-9.880000e-09	8.646000e-08	2.366500e-07	1.544500e-07	1.400000e-10

698	29	2	0	9.618902e-05	-9.654700e-07	-6.916000e-07	6.213300e-07	-4.420000e-09	9.127000e-08	2.570200e-07	1.587400e-07	3.100000e-10

699	29	3	0	9.491414e-05	-9.371200e-07	-6.712100e-07	6.209400e-07	7.600000e-09	8.000000e-08	2.387800e-07	1.311000e-07	6.300000e-10

700	29	4	0	9.277954e-05	-9.068100e-07	-6.503800e-07	6.130900e-07	1.578000e-08	7.180000e-08	2.244900e-07	1.116300e-07	8.900000e-10

701	29	5	0	9.245104e-05	-9.039900e-07	-6.501400e-07	6.134800e-07	1.772000e-08	7.099000e-08	2.238300e-07	1.092900e-07	1.020000e-09

702	29	6	0	9.321505e-05	-9.182600e-07	-6.624800e-07	6.183200e-07	1.525000e-08	7.505000e-08	2.319200e-07	1.184300e-07	1.040000e-09

703	29	7	0	9.463538e-05	-9.432100e-07	-6.825100e-07	6.253700e-07	9.560000e-09	8.235000e-08	2.456300e-07	1.353300e-07	9.600000e-10

704	29	8	0	9.641213e-05	-9.743000e-07	-7.068000e-07	6.332000e-07	1.620000e-09	9.173000e-08	2.627600e-07	1.572900e-07	8.000000e-10

705	29	9	0	9.833792e-05	-1.008360e-06	-7.329700e-07	6.408700e-07	-7.850000e-09	1.023300e-07	2.817200e-07	1.823200e-07	5.800000e-10

706	29	10	0	1.002804e-04	-1.043290e-06	-7.594500e-07	6.479000e-07	-1.830000e-08	1.136000e-07	3.015000e-07	2.090000e-07	3.000000e-10

707	29	11	0	1.021470e-04	-1.077700e-06	-7.853000e-07	6.537000e-07	-2.940000e-08	1.249000e-07	3.212000e-07	2.363000e-07	0.000000e+00

708	29	12	0	1.038835e-04	-1.110600e-06	-8.097000e-07	6.584000e-07	-4.070000e-08	1.362000e-07	3.403000e-07	2.634000e-07	-4.000000e-10

709	29	13	0	1.054547e-04	-1.141200e-06	-8.322000e-07	6.619000e-07	-5.200000e-08	1.471000e-07	3.587000e-07	2.900000e-07	-7.000000e-10

710	29	14	0	1.068436e-04	-1.169500e-06	-8.528000e-07	6.641000e-07	-6.320000e-08	1.576000e-07	3.759000e-07	3.156000e-07	-1.100000e-09

711	29	15	0	1.080429e-04	-1.195000e-06	-8.711000e-07	6.651000e-07	-7.410000e-08	1.675000e-07	3.920000e-07	3.399000e-07	-1.500000e-09

712	29	16	0	1.090530e-04	-1.217900e-06	-8.874000e-07	6.649000e-07	-8.470000e-08	1.767000e-07	4.067000e-07	3.629000e-07	-1.900000e-09

713	29	17	0	1.098792e-04	-1.238100e-06	-9.015000e-07	6.638000e-07	-9.490000e-08	1.853000e-07	4.202000e-07	3.845000e-07	-2.300000e-09

714	29	18	0	1.105298e-04	-1.255600e-06	-9.136000e-07	6.617000e-07	-1.045000e-07	1.933000e-07	4.325000e-07	4.046000e-07	-2.600000e-09

715	29	19	0	1.110151e-04	-1.270700e-06	-9.238000e-07	6.586000e-07	-1.138000e-07	2.006000e-07	4.434000e-07	4.231000e-07	-3.100000e-09

716	29	20	0	1.113464e-04	-1.283400e-06	-9.321000e-07	6.549000e-07	-1.225000e-07	2.073000e-07	4.532000e-07	4.403000e-07	-3.500000e-09

717	29	21	0	1.115350e-04	-1.293800e-06	-9.387000e-07	6.506000e-07	-1.307000e-07	2.134000e-07	4.620000e-07	4.562000e-07	-3.700000e-09

718	29	22	0	1.115932e-04	-1.302300e-06	-9.439000e-07	6.456000e-07	-1.385000e-07	2.189000e-07	4.696000e-07	4.706000e-07	-4.200000e-09

719	29	23	0	1.115316e-04	-1.308800e-06	-9.475000e-07	6.402000e-07	-1.457000e-07	2.239000e-07	4.763000e-07	4.838000e-07	-4.500000e-09

