-1.0320525814289802e-10 -2.731848100856212e-09 -1.0519484136727364e-08 -1.9885921473771072e-08 -2.8611132210655823e-08 -3.662191196855297e-08 -4.336792386300148e-08 -4.972172363108525e-08 -5.540826633754915e-08 -6.092902541802311e-08 -6.599581649547614e-08 -7.071838365661892e-08 -7.57677991032652e-08 -8.040866360800645e-08 -8.492057729829194e-08 -8.932337409851727e-08 -9.290416382091421e-08 -9.56949009152304e-08 -9.815250107359013e-08 -9.88438805123938e-08 -9.792731283101454e-08 -9.420467478816662e-08 -8.769534996449441e-08 -7.693302511757764e-08 -6.23415586329406e-08 -4.4277345507989734e-08 -2.459927719611621e-08 -9.05502275485341e-09 -1.7970174069503905e-09 -8.961299244527827e-11
0.0 -2.7025851702652072e-11 -2.0493632353078238e-09 -1.1142100450429252e-08 -2.363779514985527e-08 -3.5812067393328426e-08 -4.657525708581003e-08 -5.5757420805816174e-08 -6.419810100472845e-08 -7.22408312065786e-08 -7.990707377656648e-08 -8.719728064837298e-08 -9.432935006053887e-08 -1.0121337250457604e-07 -1.0732489851802472e-07 -1.1333195751220808e-07 -1.18350137951612e-07 -1.2310075102275523e-07 -1.2617917192109364e-07 -1.2728501216997729e-07 -1.2612049973237958e-07 -1.2123313558605423e-07 -1.1233526882880195e-07 -9.857599159611544e-08 -7.961346788517464e-08 -5.606756711094631e-08 -3.0949865730286246e-08 -1.1272758831547579e-08 -2.199272597225301e-09 -1.084985421646428e-10
0.0 0.0 0.0 -1.3968085919092722e-09 -1.0944690615523988e-08 -2.710349993594971e-08 -4.378159300900989e-08 -5.826982920853988e-08 -7.153956238794573e-08 -8.292085626746472e-08 -9.389979863168102e-08 -1.0431976859355248e-07 -1.1467733278389216e-07 -1.248116305336442e-07 -1.339641642578282e-07 -1.4237492452743722e-07 -1.5006840818453692e-07 -1.5585710830033952e-07 -1.602399541872423e-07 -1.6225766015214706e-07 -1.606968960126801e-07 -1.5552459457234707e-07 -1.4355413014711367e-07 -1.2580021647124042e-07 -1.0126660267560792e-07 -7.06583798062369e-08 -3.8802627705194266e-08 -1.402414466286085e-08 -2.7001566163313834e-09 -1.3147669979708391e-10
0.0 0.0 0.0 0.0 -7.816233751656486e-10 -1.0076944880862057e-08 -3.029257580219465e-08 -5.237853882346219e-08 -7.251402166845664e-08 -9.020102952023124e-08 -1.0590140842144627e-07 -1.2266073730919854e-07 -1.3632817579567843e-07 -1.499144274989609e-07 -1.631754708288051e-07 -1.758598845220457e-07 -1.8724895134443906e-07 -1.968018069105984e-07 -2.023604221127494e-07 -2.057786283740179e-07 -2.053746824398445e-07 -1.9721096921735167e-07 -1.8315164271512834e-07 -1.6027780678987724e-07 -1.2837811032909185e-07 -8.93879589315421e-08 -4.8449960037833316e-08 -1.7401037910901514e-08 -3.3228385226077747e-09 -1.5928606654068143e-10
0.0 0.0 0.0 0.0 0.0 -3.167220069801701e-10 -8.484597426800842e-09 -3.19582595916909e-08 -6.117296234085885e-08 -8.880088310294967e-08 -1.1317980480636187e-07 -1.34559233163824e-07 -1.569721935987935e-07 -1.771384947618617e-07 -1.9533842365105094e-07 -2.1293226903034314e-07 -2.2900610930633794e-07 -2.422705721969525e-07 -2.5277847275717057e-07 -2.579810026084314e-07 -2.5792587980759807e-07 -2.503812973240995e-07 -2.3238712760064847e-07 -2.0238837875267329e-07 -1.6167168649424414e-07 -1.1275038356430263e-07 -6.087202872854721e-08 -2.1684713831987045e-08 -4.109316546614233e-09 -1.9439079555804237e-10
0.0 0.0 0.0 0.0 0.0 0.0 -2.94854194858496e-11 -6.129289226193796e-09 -3.264411181962996e-08 -7.05670820505852e-08 -1.08469115483964e-07 -1.4126551642405067e-07 -1.7291750630332511e-07 -1.9908536182627794e-07 -2.2662379328711312e-07 -2.5202581414771807e-07 -2.75186509562084e-07 -2.942395804713343e-07 -3.099983391333484e-07 -3.1969262678248864e-07 -3.2153335400024727e-07 -3.126979264614032e-07 -2.9148510276302733e-07 -2.557464110416764e-07 -2.0343443873775277e-07 -1.415963624245884e-07 -7.639693177199494e-08 -2.7058164091567884e-08 -5.053952662079143e-09 -2.379012614118789e-10
0.0 0.0 0.0 0.0 0.0 0.0 0.0 -4.9713390923893826e-12 -3.984743959363371e-09 -3.167047581920957e-08 -7.889339327114426e-08 -1.294182900510796e-07 -1.750246168498078e-07 -2.17116424241864e-07 -2.5507956089518547e-07 -2.888453098436517e-07 -3.2156778502448634e-07 -3.507334146522262e-07 -3.748773842429835e-07 -3.9012336775661307e-07 -3.958918300409729e-07 -3.8905767998582566e-07 -3.622103299194208e-07 -3.188958561815645e-07 -2.559471617245654e-07 -1.7677987063726392e-07 -9.521672806971624e-08 -3.343985408415788e-08 -6.226322528678731e-09 -2.902212602593032e-10
0.0 0.0 0.0 0.0 0.0 0.0 0.0 0.0 0.0 -2.2108024810278676e-09 -2.9257568157037898e-08 -8.744850335183888e-08 -1.5409897940590373e-07 -2.1428253159847542e-07 -2.697405323803017e-07 -3.208743093342906e-07 -3.6459192429441727e-07 -4.0885642315183756e-07 -4.4236975138872534e-07 -4.65149014485175e-07 -4.801787304649166e-07 -4.753924667550963e-07 -4.4721427963866904e-07 -3.945838546484732e-07 -3.1780202066589455e-07 -2.1958404794714885e-07 -1.1769351905646982e-07 -4.1418469087972625e-08 -7.630755810479229e-09 -3.529175996594051e-10
0.0 0.0 0.0 0.0 0.0 0.0 0.0 0.0 0.0 0.0 -9.348527289017567e-10 -2.388735251790054e-08 -9.342893672690921e-08 -1.808527933324926e-07 -2.6009586203837623e-07 -3.3605630544024574e-07 -4.012772116806742e-07 -4.616870301282231e-07 -5.073299414685832e-07 -5.485776288914253e-07 -5.709528125203014e-07 -5.69790363170456e-07 -5.429408508184988e-07 -4.832691106992866e-07 -3.89693851115238e-07 -2.7184401576424647e-07 -1.4533053910780155e-07 -5.1129180496119484e-08 -9.347205122959058e-09 -4.3028227429528496e-10
0.0 0.0 0.0 0.0 0.0 0.0 0.0 0.0 0.0 0.0 0.0 -2.273418893717255e-10 -1.796598732248228e-08 -9.533633158714996e-08 -2.0448646868732547e-07 -3.1483356309394466e-07 -4.094131051086633e-07 -4.976993154164693e-07 -5.645302448424571e-07 -6.284720516478664e-07 -6.679268671620142e-07 -6.7453841308114e-07 -6.485093062711794e-07 -5.832060367958533e-07 -4.734104993886503e-07 -3.2949623704448663e-07 -1.7743519070675603e-07 -6.241438844320697e-08 -1.1388224781011046e-08 -5.185288144005195e-10
0.0 0.0 0.0 0.0 0.0 0.0 0.0 0.0 0.0 0.0 0.0 0.0 -1.457981245819763e-11 -1.1147034036284244e-08 -9.032775503416998e-08 -2.28284202633339e-07 -3.737234886334279e-07 -4.978155890809337e-07 -6.056946523415636e-07 -6.895280098748416e-07 -7.480285999019592e-07 -7.804727520027011e-07 -7.587096886070979e-07 -6.938030279190357e-07 -5.687721629944408e-07 -3.9771287520675733e-07 -2.1429810754738037e-07 -7.54458904697042e-08 -1.3762946460909646e-08 -6.264625443658475e-10
0.0 0.0 0.0 0.0 0.0 0.0 0.0 0.0 0.0 0.0 0.0 0.0 0.0 0.0 -5.894655930555481e-09 -8.235069308333432e-08 -2.475201789249461e-07 -4.306084594426998e-07 -5.884241315730438e-07 -7.232823813640491e-07 -8.205221562433388e-07 -8.766090427785912e-07 -8.683674151178895e-07 -8.031611462002717e-07 -6.694830658054712e-07 -4.7307614611099387e-07 -2.566344555793021e-07 -9.035035059697892e-08 -1.6525419708134273e-08 -7.457976781687568e-10
0.0 0.0 0.0 0.0 0.0 0.0 0.0 0.0 0.0 0.0 0.0 0.0 0.0 0.0 0.0 -2.550313905097688e-09 -6.740346527204275e-08 -2.576460202825248e-07 -4.878342412920327e-07 -6.896636280398404e-07 -8.404795067103781e-07 -9.364337565115692e-07 -9.64345422413742e-07 -9.139127330268782e-07 -7.703440500636652e-07 -5.511254566197087e-07 -3.0040840848963986e-07 -1.0728544669531372e-07 -1.9546261699500146e-08 -8.881025234759642e-10
0.0 0.0 0.0 0.0 0.0 0.0 0.0 0.0 0.0 0.0 0.0 0.0 0.0 0.0 0.0 0.0 -6.221645910614927e-10 -4.882749231243004e-08 -2.5080814759122175e-07 -5.289304846649192e-07 -7.722072564488076e-07 -9.460500261598813e-07 -1.0214908344069513e-06 -9.997023635072943e-07 -8.710201823060225e-07 -6.307340286653671e-07 -3.497379144360227e-07 -1.2526629565193428e-07 -2.287336376319846e-08 -1.0408761408628087e-09
0.0 0.0 0.0 0.0 0.0 0.0 0.0 0.0 0.0 0.0 0.0 0.0 0.0 0.0 0.0 0.0 0.0 -1.492408590140952e-244 -2.93493615531587e-08 -2.3661439670645466e-07 -5.579064318738154e-07 -8.375693723260126e-07 -1.012835712031081e-06 -1.0542302672025396e-06 -9.413022662242343e-07 -7.025275488968696e-07 -3.951127666657757e-07 -1.42383792857402e-07 -2.6304272882059575e-08 -1.2000350995286435e-09
0.0 0.0 0.0 0.0 0.0 0.0 0.0 0.0 0.0 0.0 0.0 0.0 0.0 0.0 0.0 0.0 0.0 0.0 0.0 -1.5843473951954518e-08 -1.9574787392706756e-07 -5.642812710845577e-07 -8.666145898447523e-07 -1.0072209506138952e-06 -9.67337000898573e-07 -7.455776483984095e-07 -4.3131164561139913e-07 -1.5906895015775188e-07 -2.9698349098979295e-08 -1.3693217841439251e-09
0.0 0.0 0.0 0.0 0.0 0.0 0.0 0.0 0.0 0.0 0.0 0.0 0.0 0.0 0.0 0.0 0.0 0.0 0.0 0.0 -6.327260844520871e-09 -1.432769209516378e-07 -5.094642251601013e-07 -8.183165535412718e-07 -9.06145634143989e-07 -7.567996516411627e-07 -4.542697853049091e-07 -1.7199109522512452e-07 -3.283099953695083e-08 -1.5241683691588894e-09
0.0 0.0 0.0 0.0 0.0 0.0 0.0 0.0 0.0 0.0 0.0 0.0 0.0 0.0 0.0 0.0 0.0 0.0 0.0 0.0 0.0 -1.3579681028685094e-09 -9.35544530217224e-08 -4.2086237411192683e-07 -6.939194748876466e-07 -6.825314046624874e-07 -4.521900577631433e-07 -1.7847940669188379e-07 -3.468800213330864e-08 -1.6547232755739937e-09
0.0 0.0 0.0 0.0 0.0 0.0 0.0 0.0 0.0 0.0 0.0 0.0 0.0 0.0 0.0 0.0 0.0 0.0 0.0 0.0 0.0 0.0 -1.0419529328399587e-245 -4.8964415594201524e-08 -2.921395604886325e-07 -4.739260433512718e-07 -3.8761170745527773e-07 -1.7045349489229083e-07 -3.520832953087843e-08 -1.7386218887644272e-09
0.0 0.0 0.0 0.0 0.0 0.0 0.0 0.0 0.0 0.0 0.0 0.0 0.0 0.0 0.0 0.0 0.0 0.0 0.0 0.0 0.0 0.0 0.0 0.0 -1.708084715849076e-08 -1.5445936359760892e-07 -2.4497470124850423e-07 -1.3966602916562454e-07 -3.254209940083097e-08 -1.704078989550759e-09
0.0 0.0 0.0 0.0 0.0 0.0 0.0 0.0 0.0 0.0 0.0 0.0 0.0 0.0 0.0 0.0 0.0 0.0 0.0 0.0 0.0 0.0 0.0 0.0 0.0 -4.100196667738462e-09 -5.9315195172929556e-08 -7.829801281080713e-08 -2.4688470585124394e-08 -1.507851597332803e-09
0.0 0.0 0.0 0.0 0.0 0.0 0.0 0.0 0.0 0.0 0.0 0.0 0.0 0.0 0.0 0.0 0.0 0.0 0.0 0.0 0.0 0.0 0.0 0.0 0.0 0.0 -3.990872960332308e-10 -1.1772979222196868e-08 -1.1023923592889238e-08 -1.035545637575194e-09
0.0 0.0 0.0 0.0 0.0 0.0 0.0 0.0 0.0 0.0 0.0 0.0 0.0 0.0 0.0 0.0 0.0 0.0 0.0 0.0 0.0 0.0 0.0 0.0 0.0 0.0 0.0 -5.632611392288236e-12 -7.569347127479913e-10 -3.411658403887668e-10
0.0 0.0 0.0 0.0 0.0 0.0 0.0 0.0 0.0 0.0 0.0 0.0 0.0 0.0 0.0 0.0 0.0 0.0 0.0 0.0 0.0 0.0 0.0 0.0 0.0 0.0 0.0 0.0 0.0 -6.593475815224609e-12
