3.0262561777935266e-238 -6.211404489522393e-15 -3.0343168512461856e-13 -1.060281128214883e-12 -1.5486289017237404e-12 -1.266135219644755e-12 -1.6000975517808495e-13 1.5974564262741143e-12 3.734996407925627e-12 5.9897363217866915e-12 8.089030008976012e-12 9.865247683397458e-12 1.1243374057336576e-11 1.2094823675394306e-11 1.2383729171324168e-11 1.2224140716788251e-11 1.1592554168137295e-11 1.0472647822406427e-11 9.114357824135345e-12 7.555711160852455e-12 5.95524638099462e-12 4.417579908591495e-12 3.1122668117413366e-12 2.0532370512594222e-12 1.276863566513817e-12 7.626497300347685e-13 4.312230929255465e-13 1.9503270230758783e-13 4.44887284903839e-14 1.7681284835588494e-15
0.0 1.3827562111460568e-15 -1.57623751536414e-13 -5.144651838183807e-13 1.9483924283072084e-12 6.325842903026068e-12 9.640280906745688e-12 1.0696867878375346e-11 9.859110830909204e-12 7.187007012687828e-12 3.1220637163151814e-12 -1.2897438202568219e-12 -5.633161331966536e-12 -9.233811626144809e-12 -1.2058579669459898e-11 -1.4496826321476192e-11 -1.473253547620385e-11 -1.4977905510614326e-11 -1.3889570534634297e-11 -1.2182164763563307e-11 -9.83071075235921e-12 -7.62901931258381e-12 -5.534668712891337e-12 -3.793583169368062e-12 -2.377359185904847e-12 -1.4682589353537355e-12 -8.755214696185749e-13 -4.166966447520891e-13 -9.898545151939264e-14 -4.0170033471497e-15
0.0 0.0 -2.263041795700217e-239 5.899828435327881e-13 1.4548611008550532e-11 4.95786570600218e-11 5.985091320437457e-11 1.925699889272857e-11 -7.607559913449047e-11 -2.0810362809195786e-10 -3.5610157701627707e-10 -5.04694023882354e-10 -6.289183872004362e-10 -7.247793271138001e-10 -7.853542418935518e-10 -8.058853484062739e-10 -7.891146546317708e-10 -7.368565796391617e-10 -6.553608734134624e-10 -5.528907260278134e-10 -4.416759620509061e-10 -3.3325899780336097e-10 -2.363529093332185e-10 -1.5818456271054137e-10 -9.919197242207785e-11 -5.977104396614003e-11 -3.41143937263134e-11 -1.5690310507711147e-11 -3.615437730777668e-12 -1.4455663363263288e-13
0.0 0.0 0.0 0.0 -1.7222453439724664e-14 -2.1606472253123147e-11 -2.0476723287947597e-10 -6.187853451657337e-10 -1.1695728180490262e-09 -1.7417908234647918e-09 -2.2499093924858454e-09 -2.6660852668363477e-09 -2.9418520277873935e-09 -3.0653750540381383e-09 -3.052287841757639e-09 -2.935067293840641e-09 -2.7069021248687493e-09 -2.4052712553208235e-09 -2.035182736836041e-09 -1.6556855042632793e-09 -1.2749864113134612e-09 -9.286732689035365e-10 -6.37911389663242e-10 -4.12556403045007e-10 -2.516133599165581e-10 -1.4543232189404552e-10 -7.843399365979016e-11 -3.3263625336249076e-11 -7.1163977390578345e-12 -2.6319394614141496e-13
0.0 0.0 0.0 0.0 0.0 2.1966517064456887e-13 -6.22700012903469e-11 -5.643914322752865e-10 -1.696985702405494e-09 -3.104538074251886e-09 -4.440819644784988e-09 -5.502437866388032e-09 -6.216543516490047e-09 -6.538756958694627e-09 -6.487283995259865e-09 -6.169196393799935e-09 -5.648214585516454e-09 -4.918815900816934e-09 -4.089109228508061e-09 -3.2669971362477996e-09 -2.4641679771799046e-09 -1.7712689310992256e-09 -1.1932815657907928e-09 -7.57357589491898e-10 -4.490995871703131e-10 -2.5229367893471056e-10 -1.2863579495180193e-10 -5.035419892434935e-11 -9.746496455391737e-12 -3.250426980575221e-13
0.0 0.0 0.0 0.0 0.0 0.0 3.215547034598528e-13 -4.950124162016422e-11 -7.285124834624676e-10 -2.496347351405829e-09 -4.85663709264071e-09 -7.066963717602403e-09 -8.748227642043676e-09 -9.776218510996628e-09 -1.0051820910358322e-08 -9.832361551538447e-09 -9.117715926252414e-09 -8.01226310396567e-09 -6.71180060174967e-09 -5.365063022170587e-09 -4.058405900796352e-09 -2.902795278606205e-09 -1.955728544368026e-09 -1.2282348886580923e-09 -7.210644367264342e-10 -3.9886922485832185e-10 -1.9802457209358637e-10 -7.399333840001034e-11 -1.3515576612773119e-11 -4.2038856821167775e-13
0.0 0.0 0.0 0.0 0.0 0.0 0.0 4.741362351327137e-244 -2.266839067050653e-11 -7.042560383297145e-10 -2.9810244618498605e-09 -6.217607845766689e-09 -9.555116426172662e-09 -1.1967772653650267e-08 -1.3295844482686991e-08 -1.3584702443809376e-08 -1.296199931581246e-08 -1.1630045516331763e-08 -9.974671180292989e-09 -8.013127033140149e-09 -6.123767085674085e-09 -4.383625681429915e-09 -2.95055911766806e-09 -1.8546038301907816e-09 -1.090187895518043e-09 -5.945872549918207e-10 -2.900359510513609e-10 -1.0513764484829855e-10 -1.833385648401136e-11 -5.377744940418026e-13
0.0 0.0 0.0 0.0 0.0 0.0 0.0 0.0 0.0 -4.937457799065763e-12 -5.519048017560266e-10 -3.1377774041086424e-09 -7.496067915911894e-09 -1.157175446109198e-08 -1.4801428160778024e-08 -1.6356176062584215e-08 -1.6588142465971074e-08 -1.5365062058847004e-08 -1.3558700671871574e-08 -1.1112107612344433e-08 -8.624458430180451e-09 -6.239702298579733e-09 -4.230252734456873e-09 -2.673158897421121e-09 -1.5692711867233652e-09 -8.534259316153483e-10 -4.098199264200821e-10 -1.4481597181407466e-10 -2.4498397709077947e-11 -6.830090181444745e-13
0.0 0.0 0.0 0.0 0.0 0.0 0.0 0.0 0.0 0.0 1.8143075929486775e-12 -3.420373097126297e-10 -2.9909720726704926e-09 -7.945988858884857e-09 -1.3189424013984675e-08 -1.7031248162726042e-08 -1.8938688350433857e-08 -1.8867838293100427e-08 -1.7214920884028696e-08 -1.4561723859734313e-08 -1.1513137545301269e-08 -8.470594010730751e-09 -5.808672434397434e-09 -3.7042618979027613e-09 -2.1781254802968986e-09 -1.1818914738378447e-09 -5.645093318918332e-10 -1.95265260593175e-10 -3.216923576501066e-11 -8.664288479931235e-13
0.0 0.0 0.0 0.0 0.0 0.0 0.0 0.0 0.0 0.0 0.0 1.2336127291014371e-12 -1.8892331042359714e-10 -2.2685355523346275e-09 -7.931078909970842e-09 -1.4061589280238116e-08 -1.8528506899364097e-08 -2.0548968767421307e-08 -2.0012822773176645e-08 -1.7859276495742245e-08 -1.4536905066753973e-08 -1.0973008101476705e-08 -7.643249480122183e-09 -4.934100482529372e-09 -2.9388818242735785e-09 -1.5973666466934636e-09 -7.58345264292589e-10 -2.5948473433452515e-10 -4.147183762531507e-11 -1.0849934870584501e-12
0.0 0.0 0.0 0.0 0.0 0.0 0.0 0.0 0.0 0.0 0.0 0.0 2.252294662182919e-242 -7.509116071536263e-11 -1.8488166480459235e-09 -7.300607011715865e-09 -1.3950652947918654e-08 -1.867721662946115e-08 -2.0907984241245332e-08 -1.9949070642791398e-08 -1.718206124957476e-08 -1.342812073763771e-08 -9.705993882165705e-09 -6.318072869336685e-09 -3.815469980432479e-09 -2.096341962892873e-09 -9.93866042037525e-10 -3.359722480041189e-10 -5.33859141891642e-11 -1.3565205855001383e-12
0.0 0.0 0.0 0.0 0.0 0.0 0.0 0.0 0.0 0.0 0.0 0.0 0.0 0.0 -1.2047903244831681e-11 -1.2132842905266062e-09 -6.0146091085026605e-09 -1.309220921316558e-08 -1.813282610998291e-08 -1.9877032981234078e-08 -1.8634685709884876e-08 -1.5542782552082816e-08 -1.1534436253651624e-08 -7.827118975200825e-09 -4.794790552949454e-09 -2.667227454494913e-09 -1.2757470816497384e-09 -4.286772505215754e-10 -6.683626834736607e-11 -1.6643584638004593e-12
0.0 0.0 0.0 0.0 0.0 0.0 0.0 0.0 0.0 0.0 0.0 0.0 0.0 0.0 0.0 1.6382846732681615e-12 -6.69118834329391e-10 -4.835619662915065e-09 -1.1324483558190836e-08 -1.6363340660055637e-08 -1.7838171782726943e-08 -1.6247930467254514e-08 -1.2876022619291617e-08 -9.133427353770406e-09 -5.772360349385011e-09 -3.2913396825921038e-09 -1.5844340471097248e-09 -5.339582756979822e-10 -8.252912642379322e-11 -2.0268582764198534e-12
0.0 0.0 0.0 0.0 0.0 0.0 0.0 0.0 0.0 0.0 0.0 0.0 0.0 0.0 0.0 0.0 2.160841083135616e-12 -3.0228380367148275e-10 -3.2812389628263252e-09 -9.025536764814354e-09 -1.3706739336633528e-08 -1.4775663892955043e-08 -1.3201477669058884e-08 -1.0000635795721535e-08 -6.599183654485314e-09 -3.888663925752423e-09 -1.9022762369802944e-09 -6.451794246621936e-10 -9.989681080643861e-11 -2.422625397232444e-12
0.0 0.0 0.0 0.0 0.0 0.0 0.0 0.0 0.0 0.0 0.0 0.0 0.0 0.0 0.0 0.0 0.0 2.0986315871038477e-13 -9.697779681824694e-11 -2.0330773796770187e-09 -6.7240281912416556e-09 -1.0551320636320529e-08 -1.141858456880405e-08 -9.805779448330646e-09 -7.0649200780609914e-09 -4.328992553246943e-09 -2.1943557066976125e-09 -7.613791368876764e-10 -1.1787022968543716e-10 -2.863678295685991e-12
0.0 0.0 0.0 0.0 0.0 0.0 0.0 0.0 0.0 0.0 0.0 0.0 0.0 0.0 0.0 0.0 0.0 0.0 0.0 -1.3341030646041677e-11 -1.0640655137072406e-09 -4.513070664579139e-09 -7.526072178283889e-09 -8.087590127373666e-09 -6.701130193906656e-09 -4.45777002003021e-09 -2.3999956161237976e-09 -8.500832240212773e-10 -1.3441756799267392e-10 -3.2632853193423557e-12
0.0 0.0 0.0 0.0 0.0 0.0 0.0 0.0 0.0 0.0 0.0 0.0 0.0 0.0 0.0 0.0 0.0 0.0 0.0 0.0 1.6079316120504105e-12 -4.2045843583879916e-10 -2.595860854878055e-09 -4.902082203782367e-09 -5.3122646325380955e-09 -4.118553631662997e-09 -2.404882442446953e-09 -8.988093238792585e-10 -1.4634959775026433e-10 -3.5840532152368467e-12
0.0 0.0 0.0 0.0 0.0 0.0 0.0 0.0 0.0 0.0 0.0 0.0 0.0 0.0 0.0 0.0 0.0 0.0 0.0 0.0 0.0 1.3720638006665124e-12 -1.493177375479034e-10 -1.370481170262038e-09 -2.8410065982274765e-09 -3.015071837812552e-09 -2.072254749152292e-09 -8.681529943843101e-10 -1.486186646917353e-10 -3.759537657024645e-12
0.0 0.0 0.0 0.0 0.0 0.0 0.0 0.0 0.0 0.0 0.0 0.0 0.0 0.0 0.0 0.0 0.0 0.0 0.0 0.0 0.0 0.0 1.9953759205058303e-242 -3.508872577139597e-11 -5.794299189761831e-10 -1.3989759872008793e-09 -1.4184892560279742e-09 -7.086947599831239e-10 -1.368896352693645e-10 -3.680756996619429e-12
0.0 0.0 0.0 0.0 0.0 0.0 0.0 0.0 0.0 0.0 0.0 0.0 0.0 0.0 0.0 0.0 0.0 0.0 0.0 0.0 0.0 0.0 0.0 0.0 -4.481621243168912e-12 -2.07397765422145e-10 -5.606404924558802e-10 -4.367073346418747e-10 -1.0376133715595857e-10 -3.1659328987322416e-12
0.0 0.0 0.0 0.0 0.0 0.0 0.0 0.0 0.0 0.0 0.0 0.0 0.0 0.0 0.0 0.0 0.0 0.0 0.0 0.0 0.0 0.0 0.0 0.0 0.0 3.200422137194246e-13 -4.837636150655331e-11 -1.3623490051599973e-10 -5.562094483552544e-11 -2.2110295000335164e-12
0.0 0.0 0.0 0.0 0.0 0.0 0.0 0.0 0.0 0.0 0.0 0.0 0.0 0.0 0.0 0.0 0.0 0.0 0.0 0.0 0.0 0.0 0.0 0.0 0.0 0.0 1.2947215540287205e-13 -6.184966276363043e-12 -1.2018065414986531e-11 -9.488496356627878e-13
0.0 0.0 0.0 0.0 0.0 0.0 0.0 0.0 0.0 0.0 0.0 0.0 0.0 0.0 0.0 0.0 0.0 0.0 0.0 0.0 0.0 0.0 0.0 0.0 0.0 0.0 0.0 1.2176386678558877e-240 -1.1129627793607656e-13 -1.0717385233010401e-13
0.0 0.0 0.0 0.0 0.0 0.0 0.0 0.0 0.0 0.0 0.0 0.0 0.0 0.0 0.0 0.0 0.0 0.0 0.0 0.0 0.0 0.0 0.0 0.0 0.0 0.0 0.0 0.0 0.0 1.7222223924876266e-16
