2.856921153987854e-11 2.864788090713038e-10 -1.077021605877145e-09 -6.276411081525892e-09 -1.3958288411868547e-08 -2.3090126930346953e-08 -3.128569194292082e-08 -3.869927449969042e-08 -4.451340983124007e-08 -4.941966073231691e-08 -5.281085623138537e-08 -5.504907513901056e-08 -5.606602823875467e-08 -5.630930389379517e-08 -5.5179662276752034e-08 -5.332304381511498e-08 -5.051660177162696e-08 -4.6895976205319255e-08 -4.258372455421329e-08 -3.76351541851495e-08 -3.177572661352664e-08 -2.5172605113089238e-08 -1.812725560949667e-08 -1.1281203086305145e-08 -5.596371111279054e-09 -2.049678324823152e-09 -8.177397566236702e-10 -4.810271800222325e-10 -2.7686293265444656e-10 -7.082592804215423e-11
0.0 7.423459224001017e-12 3.255280169932995e-10 -5.770603407261928e-10 -6.149840617724651e-09 -1.5938948882205777e-08 -2.7348326883069437e-08 -3.8240775127337814e-08 -4.8259636627157514e-08 -5.62886911449759e-08 -6.238829997430584e-08 -6.715387260667482e-08 -6.976096285359907e-08 -7.069135808660112e-08 -7.014903436146712e-08 -6.809449332113583e-08 -6.497485746043158e-08 -6.063993765444831e-08 -5.501478062229934e-08 -4.8383714164535766e-08 -4.0951644121167237e-08 -3.2366021280272055e-08 -2.3237578201238783e-08 -1.4357617581375288e-08 -7.094156280467662e-09 -2.6196378020006922e-09 -1.0610708415297086e-09 -6.201900905641699e-10 -3.495700014352479e-10 -8.616988492882297e-11
0.0 0.0 5.290853304780659e-243 2.670936557052785e-10 2.3326847614317767e-11 -5.513582017429521e-09 -1.7161431317989442e-08 -3.133391706773313e-08 -4.611525365353595e-08 -5.899377377810481e-08 -7.000460350431979e-08 -7.772626751548221e-08 -8.352320598037911e-08 -8.637235623922281e-08 -8.739696403781429e-08 -8.588842036624194e-08 -8.255369176017478e-08 -7.707207021095216e-08 -7.020998502715564e-08 -6.212191942137806e-08 -5.2309771974197666e-08 -4.136407465633115e-08 -2.950541582409351e-08 -1.8253853097528583e-08 -8.985994453316907e-09 -3.3527380641378935e-09 -1.3740625189389388e-09 -7.942205067120618e-10 -4.4008092525236317e-10 -1.0492056266533264e-10
0.0 0.0 0.0 0.0 1.7128977947980114e-10 5.161904744263892e-10 -4.598716943656321e-09 -1.7933749913146952e-08 -3.583900415698447e-08 -5.4611633882813265e-08 -7.143589207487259e-08 -8.574080068939575e-08 -9.580934161941444e-08 -1.0262811765598719e-07 -1.061270327855615e-07 -1.0560197623925772e-07 -1.0258646105499995e-07 -9.733654538552007e-08 -8.908968977321576e-08 -7.886818233536914e-08 -6.678048342901389e-08 -5.258387717781018e-08 -3.7499646854600735e-08 -2.3055903805094844e-08 -1.1372721607140846e-08 -4.270063206423822e-09 -1.7778772755910328e-09 -1.0217319615866596e-09 -5.561068776217696e-10 -1.2869660895752547e-10
0.0 0.0 0.0 0.0 0.0 8.381169994635557e-11 8.928180018205772e-10 -3.0337372820932527e-09 -1.776353510983738e-08 -3.9447551048271e-08 -6.32106652016273e-08 -8.518959232709466e-08 -1.028328266276502e-07 -1.1623294183911723e-07 -1.238645076756684e-07 -1.2660873157109634e-07 -1.2484553373554483e-07 -1.2055701044816889e-07 -1.1103399213920904e-07 -9.904292351480937e-08 -8.42245042796607e-08 -6.68131908298407e-08 -4.7488654288164544e-08 -2.9235369967690685e-08 -1.441919342733346e-08 -5.431520190590463e-09 -2.2896544607808435e-09 -1.3069588434713842e-09 -7.023027833714032e-10 -1.5882719955000438e-10
0.0 0.0 0.0 0.0 0.0 0.0 2.2980997652672336e-11 9.089845411142925e-10 -1.4808200506912178e-09 -1.706480778889168e-08 -4.2567733053926523e-08 -7.177368948409402e-08 -9.859197826789096e-08 -1.213617379242657e-07 -1.372206353780234e-07 -1.4502784751573795e-07 -1.48741176474167e-07 -1.4529387055502917e-07 -1.3612120480491193e-07 -1.2283689283006125e-07 -1.0493802870326137e-07 -8.344992705891629e-08 -5.961918512455409e-08 -3.666568548366228e-08 -1.8072332988622986e-08 -6.891995437182906e-09 -2.9345164164031334e-09 -1.6719226001884873e-09 -8.843655782769552e-10 -1.95288505231923e-10
0.0 0.0 0.0 0.0 0.0 0.0 0.0 9.014142550697995e-244 7.006264418946708e-10 1.6331508854976444e-10 -1.4686856394986922e-08 -4.353536481443645e-08 -8.001208883362753e-08 -1.1318813758605687e-07 -1.404660082003521e-07 -1.5772986773289763e-07 -1.6923767358409754e-07 -1.701006476856427e-07 -1.627180226866483e-07 -1.4943091765636517e-07 -1.2845058844982966e-07 -1.0339447662072075e-07 -7.42856508117678e-08 -4.587229199183075e-08 -2.2604194841493862e-08 -8.727450907713443e-09 -3.7586458604304534e-09 -2.122990169408978e-09 -1.113932238734688e-09 -2.40020767382498e-10
0.0 0.0 0.0 0.0 0.0 0.0 0.0 0.0 0.0 4.3366907728221693e-10 1.3244208533854816e-09 -1.1646875402828696e-08 -4.387967193123323e-08 -8.536489146502237e-08 -1.2676377798394489e-07 -1.5971534116659012e-07 -1.803451788325261e-07 -1.904479579480093e-07 -1.8903665918573255e-07 -1.7618354968051057e-07 -1.551327298752243e-07 -1.2557811664068848e-07 -9.110971693477712e-08 -5.6494128490819644e-08 -2.8123073152892134e-08 -1.0940781548907509e-08 -4.75900192863021e-09 -2.6895642680591607e-09 -1.4000400524465631e-09 -2.954096663325373e-10
0.0 0.0 0.0 0.0 0.0 0.0 0.0 0.0 0.0 0.0 2.205555991514992e-10 1.9716812855669696e-09 -7.50570223040889e-09 -4.2147158980965126e-08 -8.947741678383733e-08 -1.3688531825034166e-07 -1.7455937776285604e-07 -1.999063541558982e-07 -2.0894888652664362e-07 -2.019971429545249e-07 -1.8110217360811653e-07 -1.499930954564422e-07 -1.0996215647248601e-07 -6.925043600286336e-08 -3.457974001136988e-08 -1.3601994888151564e-08 -6.022638282134891e-09 -3.406159699703007e-09 -1.744910727514375e-09 -3.618571941355505e-10
0.0 0.0 0.0 0.0 0.0 0.0 0.0 0.0 0.0 0.0 0.0 5.758125050463862e-11 2.0121302845232144e-09 -3.568927501130126e-09 -3.7415288714827364e-08 -9.060653721130661e-08 -1.4480887189287468e-07 -1.874919904782604e-07 -2.1194398143444647e-07 -2.183275605337882e-07 -2.0524227359409768e-07 -1.7255715351555584e-07 -1.3015044424145612e-07 -8.268143678402962e-08 -4.1867499192880384e-08 -1.6754671164777215e-08 -7.504553605023592e-09 -4.243919633893306e-09 -2.1772711999101875e-09 -4.424409319131032e-10
0.0 0.0 0.0 0.0 0.0 0.0 0.0 0.0 0.0 0.0 0.0 0.0 2.588458151236843e-244 1.6085449902994024e-09 9.80816094036095e-10 -3.038712991742765e-08 -8.722741245383873e-08 -1.487045190136187e-07 -1.9433367111571343e-07 -2.1881080800346384e-07 -2.1894473542732682e-07 -1.930380098159187e-07 -1.4823991486325817e-07 -9.699908126333101e-08 -4.9935569873464984e-08 -2.0283601101471205e-08 -9.282134789669662e-09 -5.26213071250422e-09 -2.6772181262189005e-09 -5.375714490549232e-10
0.0 0.0 0.0 0.0 0.0 0.0 0.0 0.0 0.0 0.0 0.0 0.0 0.0 0.0 9.622576386028125e-10 3.4152986785678152e-09 -2.1579774633500222e-08 -8.115018447329045e-08 -1.449092633644187e-07 -1.9239906300547352e-07 -2.1272212570827116e-07 -2.02039654285513e-07 -1.6267176372041505e-07 -1.0932606377683189e-07 -5.809485210650634e-08 -2.4041892406145174e-08 -1.1210874677477369e-08 -6.41549594812377e-09 -3.2733874843768773e-09 -6.484083308677123e-10
0.0 0.0 0.0 0.0 0.0 0.0 0.0 0.0 0.0 0.0 0.0 0.0 0.0 0.0 0.0 4.257627179129535e-10 3.928091689947791e-09 -1.2701754939815243e-08 -6.974616982481833e-08 -1.345611916842494e-07 -1.8199246418504363e-07 -1.9207667846878036e-07 -1.6686473961851692e-07 -1.1791280883231432e-07 -6.487437943300577e-08 -2.7831484695693218e-08 -1.3309172204137199e-08 -7.722620576030584e-09 -3.947302446737906e-09 -7.72907036657123e-10
0.0 0.0 0.0 0.0 0.0 0.0 0.0 0.0 0.0 0.0 0.0 0.0 0.0 0.0 0.0 0.0 1.0818203995526553e-10 3.738815774887446e-09 -5.67866514392521e-09 -5.577619800811205e-08 -1.1712608267582394e-07 -1.5599675595578266e-07 -1.552183088878681e-07 -1.1806646994961936e-07 -6.897668514818703e-08 -3.092258566034793e-08 -1.5367468344777252e-08 -9.080097524557592e-09 -4.681619914959261e-09 -9.170512098573214e-10
0.0 0.0 0.0 0.0 0.0 0.0 0.0 0.0 0.0 0.0 0.0 0.0 0.0 0.0 0.0 0.0 0.0 1.6729949728873534e-243 2.5731298468701195e-09 3.5106437454975786e-10 -3.808153418996753e-08 -9.161627767084165e-08 -1.1862191552372192e-07 -1.0695121572279865e-07 -6.796811710152424e-08 -3.2522034647627365e-08 -1.695659053184154e-08 -1.0335774339132429e-08 -5.40220925449773e-09 -1.0574964117735177e-09
0.0 0.0 0.0 0.0 0.0 0.0 0.0 0.0 0.0 0.0 0.0 0.0 0.0 0.0 0.0 0.0 0.0 0.0 0.0 1.3885864937181664e-09 3.7565746003269094e-09 -2.289357158599461e-08 -6.267356094438211e-08 -7.6518822449489e-08 -5.810765360051556e-08 -3.1481784270350485e-08 -1.772861383528805e-08 -1.1261019864419799e-08 -6.037589154657791e-09 -1.1955512110330058e-09
0.0 0.0 0.0 0.0 0.0 0.0 0.0 0.0 0.0 0.0 0.0 0.0 0.0 0.0 0.0 0.0 0.0 0.0 0.0 0.0 4.988898367926311e-10 4.142035960505154e-09 -9.989773493618672e-09 -3.546302819292124e-08 -3.8737827550748916e-08 -2.6241984275371274e-08 -1.6782575807246538e-08 -1.1536536899619574e-08 -6.455967148618957e-09 -1.2938340424186803e-09
0.0 0.0 0.0 0.0 0.0 0.0 0.0 0.0 0.0 0.0 0.0 0.0 0.0 0.0 0.0 0.0 0.0 0.0 0.0 0.0 0.0 9.931311994763825e-11 2.8147437493069088e-09 -2.3361465598282203e-09 -1.50986594448758e-08 -1.6542703596099423e-08 -1.3347459133709151e-08 -1.0488322138926191e-08 -6.432216879044811e-09 -1.3352706980518589e-09
0.0 0.0 0.0 0.0 0.0 0.0 0.0 0.0 0.0 0.0 0.0 0.0 0.0 0.0 0.0 0.0 0.0 0.0 0.0 0.0 0.0 0.0 4.228887962645032e-12 1.1760130453374754e-09 8.10708638906439e-10 -5.045073094662572e-09 -7.840821226582114e-09 -7.9759368106156e-09 -5.703452898337032e-09 -1.2613554686307309e-09
0.0 0.0 0.0 0.0 0.0 0.0 0.0 0.0 0.0 0.0 0.0 0.0 0.0 0.0 0.0 0.0 0.0 0.0 0.0 0.0 0.0 0.0 0.0 0.0 3.1290192436198326e-10 5.783730697565332e-10 -1.8377524335353756e-09 -4.20499326534489e-09 -4.038501086075282e-09 -1.0317063335399915e-09
0.0 0.0 0.0 0.0 0.0 0.0 0.0 0.0 0.0 0.0 0.0 0.0 0.0 0.0 0.0 0.0 0.0 0.0 0.0 0.0 0.0 0.0 0.0 0.0 0.0 5.674467495136668e-11 3.442306162139346e-10 -5.524538148772633e-10 -1.8044635629084364e-09 -6.5195761581483e-10
0.0 0.0 0.0 0.0 0.0 0.0 0.0 0.0 0.0 0.0 0.0 0.0 0.0 0.0 0.0 0.0 0.0 0.0 0.0 0.0 0.0 0.0 0.0 0.0 0.0 0.0 7.655659251640261e-12 1.7522922496878886e-10 -9.192994605557724e-11 -2.098713346054297e-10
0.0 0.0 0.0 0.0 0.0 0.0 0.0 0.0 0.0 0.0 0.0 0.0 0.0 0.0 0.0 0.0 0.0 0.0 0.0 0.0 0.0 0.0 0.0 0.0 0.0 0.0 0.0 2.88866816857553e-13 5.6264757284016393e-11 2.0701103564936138e-11
0.0 0.0 0.0 0.0 0.0 0.0 0.0 0.0 0.0 0.0 0.0 0.0 0.0 0.0 0.0 0.0 0.0 0.0 0.0 0.0 0.0 0.0 0.0 0.0 0.0 0.0 0.0 0.0 0.0 2.0029665979100005e-12
