6.464854521050625e-13 -3.0789090214400204e-10 -2.6578487518047996e-09 -7.72946673666026e-09 -1.4652835424815185e-08 -2.1706334878555172e-08 -2.79821552351558e-08 -3.297311812394204e-08 -3.6309718636942394e-08 -3.879428843885133e-08 -3.943873262985788e-08 -3.9359298674459154e-08 -3.793771570578118e-08 -3.573744256426635e-08 -3.297233171678493e-08 -2.9799913421081414e-08 -2.6011532403775972e-08 -2.2130565636938225e-08 -1.839502524569097e-08 -1.48755612346724e-08 -1.1657877256758043e-08 -8.80537635622906e-09 -6.20442926722727e-09 -3.942098011071539e-09 -2.1836713800233585e-09 -1.0467239331890377e-09 -4.6371304669096584e-10 -1.8254578234773873e-10 -6.085344216917556e-11 -2.497315394275797e-11
0.0 1.0556520991733251e-12 -1.7395209758044922e-10 -2.2360034283466383e-09 -8.248132116585805e-09 -1.6829914652937288e-08 -2.5592916818003394e-08 -3.383988983800056e-08 -4.0108152983101246e-08 -4.455941838200447e-08 -4.754711411145019e-08 -4.8106792572336214e-08 -4.757649053611503e-08 -4.55383819054271e-08 -4.259995553829025e-08 -3.8542578020309125e-08 -3.377547093501814e-08 -2.8931563728206854e-08 -2.407951320209022e-08 -1.951709204483392e-08 -1.532118787606788e-08 -1.1486136026795738e-08 -8.107608778215158e-09 -5.12611709466338e-09 -2.8370681837042378e-09 -1.3597793842317433e-09 -6.055454392690749e-10 -2.355365571932226e-10 -7.729169727065203e-11 -3.095399819471944e-11
0.0 0.0 2.0803897125718247e-242 -6.061589360387985e-11 -1.9056220969115575e-09 -8.38600046342267e-09 -1.860072210886809e-08 -3.00308921610286e-08 -4.0106249991307664e-08 -4.8031143053162505e-08 -5.401603376513518e-08 -5.6718579745438454e-08 -5.757596760040915e-08 -5.637988184252873e-08 -5.341500441659353e-08 -4.9028903976581495e-08 -4.3489508394805124e-08 -3.72979162133069e-08 -3.1245015368914574e-08 -2.527346538300309e-08 -1.980276619420495e-08 -1.4991624534255393e-08 -1.0530035766569046e-08 -6.6451514321341664e-09 -3.653284443599e-09 -1.7564686854978042e-09 -7.83177497650972e-10 -3.032896592782262e-10 -9.821940215764464e-11 -3.826938062506889e-11
0.0 0.0 0.0 0.0 -1.5752615541115757e-11 -1.2961704675245304e-09 -8.06052218932807e-09 -2.007118997170554e-08 -3.365765819864133e-08 -4.644032145325968e-08 -5.605945041997404e-08 -6.305462853735519e-08 -6.690998279864224e-08 -6.760663862802029e-08 -6.519133952338746e-08 -6.092613226366794e-08 -5.487248153838922e-08 -4.764078157307043e-08 -4.0113993294854146e-08 -3.2746806276253125e-08 -2.564767273035128e-08 -1.9232025396733167e-08 -1.3538037496715913e-08 -8.52486400117538e-09 -4.721645192409881e-09 -2.2719080384575036e-09 -1.0135004819988188e-09 -3.870152503102283e-10 -1.2478968006708175e-10 -4.7711958731281223e-11
0.0 0.0 0.0 0.0 0.0 3.0568592593082185e-12 -8.485813842558901e-10 -7.239918937634083e-09 -2.055927249604174e-08 -3.741993165069892e-08 -5.2885637768917e-08 -6.504894868062803e-08 -7.29410653753667e-08 -7.657254563004628e-08 -7.715787184369424e-08 -7.385565706034879e-08 -6.740045896034532e-08 -5.9293720268608334e-08 -5.055020438521135e-08 -4.142533114499328e-08 -3.2739001283810886e-08 -2.466410349641478e-08 -1.744796073215458e-08 -1.0944674226910692e-08 -6.053033169997761e-09 -2.9173426945225326e-09 -1.307175560379012e-09 -4.959416856600995e-10 -1.5856453835367853e-10 -5.93663444541383e-11
0.0 0.0 0.0 0.0 0.0 0.0 2.612418516315258e-12 -4.3864691311354915e-10 -5.9855210788964605e-09 -2.042199934163923e-08 -3.9980965103864673e-08 -5.855939251286029e-08 -7.331807175090548e-08 -8.245347383008374e-08 -8.711175148892563e-08 -8.600505023889205e-08 -8.087233761505929e-08 -7.253225571627297e-08 -6.237862578907015e-08 -5.1898496993916095e-08 -4.1273652133133937e-08 -3.13746955459034e-08 -2.2079299655799852e-08 -1.3955506231098442e-08 -7.725464091841793e-09 -3.741845905453979e-09 -1.6777369832950426e-09 -6.342571176164924e-10 -2.006331456627667e-10 -7.388235286832723e-11
0.0 0.0 0.0 0.0 0.0 0.0 0.0 3.4697127685088207e-13 -1.3747498768635586e-10 -4.521902960888917e-09 -1.948753936454764e-08 -4.181334080019032e-08 -6.311180613913227e-08 -8.054444151406027e-08 -9.172453743604762e-08 -9.494684749514035e-08 -9.311026392769832e-08 -8.585153175970525e-08 -7.554873511183387e-08 -6.383132411366079e-08 -5.1197573650480466e-08 -3.927754901575904e-08 -2.7748769099096497e-08 -1.7625419546695163e-08 -9.805253452849169e-09 -4.7789043898180124e-09 -2.141527160890447e-09 -8.047874998957678e-10 -2.539306817386178e-10 -9.233162772102782e-11
0.0 0.0 0.0 0.0 0.0 0.0 0.0 0.0 0.0 -3.716666683689229e-11 -2.9751595698559666e-09 -1.7442364225435323e-08 -4.201840587338134e-08 -6.69366140871695e-08 -8.531610375471341e-08 -9.760575973323806e-08 -1.0153931820310711e-07 -9.775535888804376e-08 -8.897387270626188e-08 -7.62904942488022e-08 -6.256940436037728e-08 -4.850406525345131e-08 -3.445083593099284e-08 -2.2044642177341728e-08 -1.2333390122543938e-08 -6.033247661060726e-09 -2.7150645694267616e-09 -1.0184467699938516e-09 -3.200068997775415e-10 -1.1451055815749624e-10
0.0 0.0 0.0 0.0 0.0 0.0 0.0 0.0 0.0 0.0 4.683458592710701e-12 -1.816449541121491e-09 -1.4937921401024042e-08 -3.974681533848004e-08 -6.829632914178498e-08 -8.893237200038083e-08 -1.022502226730297e-07 -1.0458863658794557e-07 -1.0005861665926257e-07 -8.81833566582781e-08 -7.40023250714481e-08 -5.8158135797376e-08 -4.216063660121335e-08 -2.708863352644194e-08 -1.5373513601383995e-08 -7.555625056665643e-09 -3.418577750970741e-09 -1.2776532578624492e-09 -4.011580152035736e-10 -1.419187904318679e-10
0.0 0.0 0.0 0.0 0.0 0.0 0.0 0.0 0.0 0.0 0.0 6.101495059354654e-12 -8.970606731683493e-10 -1.1804266956847847e-08 -3.7143928644312746e-08 -6.644187255886467e-08 -9.070671307588642e-08 -1.0300148075598422e-07 -1.0464833143222672e-07 -9.797715908098463e-08 -8.512910046534754e-08 -6.824601347095607e-08 -5.02663087688434e-08 -3.29061555972875e-08 -1.8828520520266035e-08 -9.34168105442167e-09 -4.266669136869887e-09 -1.5955545349912929e-09 -4.998874454360043e-10 -1.7487213020434278e-10
0.0 0.0 0.0 0.0 0.0 0.0 0.0 0.0 0.0 0.0 0.0 0.0 6.367875498294906e-13 -2.1364474963938592e-10 -8.105119134309479e-09 -3.224517552876808e-08 -6.27425879451292e-08 -8.689381480599188e-08 -1.0019421959403073e-07 -1.013731931160467e-07 -9.195984334243367e-08 -7.732196138049239e-08 -5.8596954133451924e-08 -3.896504829453414e-08 -2.267404640689217e-08 -1.1405639981045976e-08 -5.254350087714313e-09 -1.970670945627559e-09 -6.210242530481847e-10 -2.154239113408751e-10
0.0 0.0 0.0 0.0 0.0 0.0 0.0 0.0 0.0 0.0 0.0 0.0 0.0 0.0 -7.002594453495973e-11 -5.09349550880549e-09 -2.6273178848982156e-08 -5.647658779534296e-08 -8.089810946399485e-08 -9.357113499199e-08 -9.261747580793787e-08 -8.299213601848763e-08 -6.486956525162807e-08 -4.456916646619059e-08 -2.6662463475473107e-08 -1.3651314038679447e-08 -6.358063891928299e-09 -2.401440013810495e-09 -7.587259660861778e-10 -2.6197239067194174e-10
0.0 0.0 0.0 0.0 0.0 0.0 0.0 0.0 0.0 0.0 0.0 0.0 0.0 0.0 0.0 9.252921567460135e-12 -2.6566404422941783e-09 -1.9850354391612355e-08 -4.798600922336733e-08 -7.284317576700268e-08 -8.42974931656504e-08 -8.168999295786423e-08 -6.848373572999639e-08 -4.9064369500867155e-08 -3.015365211233573e-08 -1.5902933662537636e-08 -7.569799248968126e-09 -2.8702347685155693e-09 -9.207935373356103e-10 -3.1681668919779e-10
0.0 0.0 0.0 0.0 0.0 0.0 0.0 0.0 0.0 0.0 0.0 0.0 0.0 0.0 0.0 0.0 8.332900288723479e-12 -1.0974581722644007e-09 -1.3505871905822955e-08 -3.865442467630989e-08 -6.071268970433976e-08 -7.090057509434502e-08 -6.603860924476985e-08 -5.060621726588487e-08 -3.2965389399721637e-08 -1.7930343993533145e-08 -8.733652782192045e-09 -3.3770814364816897e-09 -1.0921917926233057e-09 -3.7690912257234487e-10
0.0 0.0 0.0 0.0 0.0 0.0 0.0 0.0 0.0 0.0 0.0 0.0 0.0 0.0 0.0 0.0 0.0 2.7054264904424895e-242 -3.362458887709458e-10 -8.329623801705795e-09 -2.9332603079000306e-08 -4.8599373648158664e-08 -5.5309045999548436e-08 -4.737123587216696e-08 -3.3161618932825844e-08 -1.91875009702259e-08 -9.712870297596196e-09 -3.8467665091934785e-09 -1.2687638659310143e-09 -4.4101675726846245e-10
0.0 0.0 0.0 0.0 0.0 0.0 0.0 0.0 0.0 0.0 0.0 0.0 0.0 0.0 0.0 0.0 0.0 0.0 0.0 -6.943943833526373e-11 -4.3629266488503295e-09 -1.9183731800601773e-08 -3.464070563557368e-08 -3.825422110196005e-08 -3.037574416347861e-08 -1.8943365448572767e-08 -1.0228885936522393e-08 -4.222306842299535e-09 -1.4344728579970883e-09 -5.042837721572195e-10
0.0 0.0 0.0 0.0 0.0 0.0 0.0 0.0 0.0 0.0 0.0 0.0 0.0 0.0 0.0 0.0 0.0 0.0 0.0 0.0 5.857786355027399e-12 -1.7696551455609534e-09 -1.171166623329412e-08 -2.1947758705202744e-08 -2.313772707692556e-08 -1.6781195903681815e-08 -9.98427060498055e-09 -4.403562019023045e-09 -1.5444428813987048e-09 -5.562371328388674e-10
0.0 0.0 0.0 0.0 0.0 0.0 0.0 0.0 0.0 0.0 0.0 0.0 0.0 0.0 0.0 0.0 0.0 0.0 0.0 0.0 0.0 5.228473622966314e-12 -6.092434873759061e-10 -5.957934981640419e-09 -1.195592283817414e-08 -1.2026097141286554e-08 -8.532949485372029e-09 -4.128083461409609e-09 -1.52990598654538e-09 -5.881144211534712e-10
0.0 0.0 0.0 0.0 0.0 0.0 0.0 0.0 0.0 0.0 0.0 0.0 0.0 0.0 0.0 0.0 0.0 0.0 0.0 0.0 0.0 0.0 4.1667930385020586e-13 -1.4968065130691196e-10 -2.3452395884036573e-09 -5.496864037115732e-09 -5.6361013384668995e-09 -3.362779731184724e-09 -1.438457870091504e-09 -5.80910568311786e-10
0.0 0.0 0.0 0.0 0.0 0.0 0.0 0.0 0.0 0.0 0.0 0.0 0.0 0.0 0.0 0.0 0.0 0.0 0.0 0.0 0.0 0.0 0.0 0.0 -1.6714508563132264e-11 -7.174164220802173e-10 -2.2053327509424295e-09 -2.047734491176839e-09 -1.1264479515736337e-09 -5.151665266619067e-10
0.0 0.0 0.0 0.0 0.0 0.0 0.0 0.0 0.0 0.0 0.0 0.0 0.0 0.0 0.0 0.0 0.0 0.0 0.0 0.0 0.0 0.0 0.0 0.0 0.0 1.0017684423186336e-12 -2.0370377467823462e-10 -6.490097487673611e-10 -6.271591860124858e-10 -3.739742647227345e-10
0.0 0.0 0.0 0.0 0.0 0.0 0.0 0.0 0.0 0.0 0.0 0.0 0.0 0.0 0.0 0.0 0.0 0.0 0.0 0.0 0.0 0.0 0.0 0.0 0.0 0.0 5.364045089088355e-13 -2.950406634069687e-11 -1.5713683028006315e-10 -1.8130817525217033e-10
0.0 0.0 0.0 0.0 0.0 0.0 0.0 0.0 0.0 0.0 0.0 0.0 0.0 0.0 0.0 0.0 0.0 0.0 0.0 0.0 0.0 0.0 0.0 0.0 0.0 0.0 0.0 8.245557153798462e-242 -3.3296261637371056e-12 -3.125500763515761e-11
0.0 0.0 0.0 0.0 0.0 0.0 0.0 0.0 0.0 0.0 0.0 0.0 0.0 0.0 0.0 0.0 0.0 0.0 0.0 0.0 0.0 0.0 0.0 0.0 0.0 0.0 0.0 0.0 0.0 -7.12928294295926e-14
