1.109429830511755e-12 -3.2966912343202496e-10 -2.8554828556192052e-09 -8.353238987914615e-09 -1.549605005601388e-08 -2.3100756508726762e-08 -2.975111909877302e-08 -3.565013644587184e-08 -4.022398035504099e-08 -4.318174302273398e-08 -4.528405057793077e-08 -4.64956067447855e-08 -4.655441257836424e-08 -4.573554640286102e-08 -4.3950611960518004e-08 -4.1383318999761944e-08 -3.834643319565706e-08 -3.445198568225386e-08 -2.9991572407831644e-08 -2.5164613451711153e-08 -2.0083689623985346e-08 -1.526030831514467e-08 -1.0818517631709885e-08 -7.111536030182015e-09 -4.106584256182293e-09 -2.060286562770772e-09 -9.831659717476422e-10 -5.002923880659922e-10 -1.925324230969522e-10 -8.413964144720032e-11
0.0 1.0337645411734045e-12 -1.8624708249033999e-10 -2.483538046764882e-09 -8.754749930942862e-09 -1.7799145313220207e-08 -2.7427695421468994e-08 -3.6039748699048896e-08 -4.401769335610824e-08 -4.9912040735738995e-08 -5.4204038936032836e-08 -5.680270548792194e-08 -5.78334881336943e-08 -5.750515780514777e-08 -5.617797327144127e-08 -5.3010756919904296e-08 -4.935035214431935e-08 -4.452232273789111e-08 -3.880910975932159e-08 -3.2446509069501176e-08 -2.5994949601355067e-08 -1.9740898433786955e-08 -1.3911654625318516e-08 -9.114397923468337e-09 -5.2831035695444605e-09 -2.646486238612738e-09 -1.2605826400703428e-09 -6.372481631009759e-10 -2.436743142573298e-10 -1.0413623368343209e-10
0.0 0.0 1.0467958989955789e-13 -6.497526764861847e-11 -2.022819264208929e-09 -8.875437000137271e-09 -1.980715101259022e-08 -3.1898438917636935e-08 -4.386051709787904e-08 -5.3083051766131526e-08 -6.159843884792327e-08 -6.638828750914438e-08 -6.947520215070771e-08 -7.062779931247668e-08 -6.980067034076486e-08 -6.714705897623383e-08 -6.272720382175327e-08 -5.687262984467076e-08 -4.9658203642153355e-08 -4.16771022487678e-08 -3.334543393265191e-08 -2.5335695759156543e-08 -1.7930561483776422e-08 -1.1678866127765125e-08 -6.740648851181786e-09 -3.383004933724305e-09 -1.6210388359616956e-09 -8.076503021104198e-10 -3.078660682385744e-10 -1.2902413418790088e-10
0.0 0.0 0.0 0.0 -1.7243886065600697e-11 -1.4906586921228925e-09 -8.60009041003009e-09 -2.139629209340796e-08 -3.678178257135617e-08 -5.157273967804259e-08 -6.438770157515753e-08 -7.40532729627869e-08 -8.056110499526765e-08 -8.420394333685464e-08 -8.479916192070518e-08 -8.290859471599192e-08 -7.791061298087028e-08 -7.133953737790738e-08 -6.28722108181686e-08 -5.310939810862301e-08 -4.254282579284285e-08 -3.228407874280307e-08 -2.297862113616082e-08 -1.490126199751495e-08 -8.622945894680808e-09 -4.325159535078383e-09 -2.0762519910226208e-09 -1.0285681922837376e-09 -3.866066858505924e-10 -1.6078706223307061e-10
0.0 0.0 0.0 0.0 0.0 1.6825309190975366e-12 -9.140181623355179e-10 -7.869892645370186e-09 -2.2469099677656718e-08 -4.1019658331874917e-08 -5.980699263762004e-08 -7.580152695809576e-08 -8.749155667770177e-08 -9.568467384863605e-08 -9.955085922710309e-08 -9.948832207331484e-08 -9.560367805412162e-08 -8.856662842729048e-08 -7.874960608959904e-08 -6.68031868211615e-08 -5.383978843997129e-08 -4.100004760589975e-08 -2.9067470041686117e-08 -1.893262851592625e-08 -1.0945033672594422e-08 -5.513235051982295e-09 -2.6522568513444625e-09 -1.3042059603181318e-09 -4.91720268447713e-10 -2.0021498951407766e-10
0.0 0.0 0.0 0.0 0.0 0.0 3.069690301764741e-12 -4.530192123438005e-10 -6.494178189731688e-09 -2.2857435299340336e-08 -4.481972147023615e-08 -6.801547932347867e-08 -8.76151590046415e-08 -1.0249953773684182e-07 -1.1170435069599812e-07 -1.1541728961704478e-07 -1.1376506229813846e-07 -1.0758652524161171e-07 -9.650638618041332e-08 -8.301664042015653e-08 -6.743584114697583e-08 -5.144034629398591e-08 -3.666926786967278e-08 -2.4037379154434194e-08 -1.3894832051524186e-08 -7.006679360987166e-09 -3.381641179708241e-09 -1.6558626925232192e-09 -6.210086821276803e-10 -2.5000808419130615e-10
0.0 0.0 0.0 0.0 0.0 0.0 0.0 1.6574681842051985e-244 -1.5410405813807983e-10 -5.054029731828182e-09 -2.1912840941303037e-08 -4.783429201451539e-08 -7.432442474817148e-08 -9.8958891580681e-08 -1.1715961979060146e-07 -1.2808528454540353e-07 -1.3002898894112154e-07 -1.2562816231079237e-07 -1.1604130546231029e-07 -1.0096097966438447e-07 -8.303046265324871e-08 -6.362109416513071e-08 -4.5587093576490276e-08 -3.001010374211769e-08 -1.7423061026178542e-08 -8.838545150381516e-09 -4.2905844991347294e-09 -2.0849742745577986e-09 -7.829734010333709e-10 -3.106405721654084e-10
0.0 0.0 0.0 0.0 0.0 0.0 0.0 0.0 0.0 -4.969063464600916e-11 -3.4431844022144624e-09 -2.0208808397743737e-08 -4.9189017391348465e-08 -8.205673990604986e-08 -1.088724330904458e-07 -1.2916603108262027e-07 -1.4122920221816058e-07 -1.429569770764095e-07 -1.3466235525103927e-07 -1.1951946691971814e-07 -1.0021313136867012e-07 -7.827134814971657e-08 -5.6566070465194406e-08 -3.730735297752627e-08 -2.1792058960928812e-08 -1.111327298865592e-08 -5.418652572252989e-09 -2.6295765562518613e-09 -9.828951027106385e-10 -3.8622254988606453e-10
0.0 0.0 0.0 0.0 0.0 0.0 0.0 0.0 0.0 0.0 5.9153689503847645e-12 -2.0129032417897797e-09 -1.7064910071574538e-08 -4.9370742446515605e-08 -8.597506297829596e-08 -1.1901744156771496e-07 -1.420268997873501e-07 -1.522475697773659e-07 -1.50450848185359e-07 -1.3762105741681581e-07 -1.176423971080794e-07 -9.375605984422556e-08 -6.883837891636551e-08 -4.563443699957776e-08 -2.6923492550454228e-08 -1.3813427266104494e-08 -6.792215817765201e-09 -3.287239392799893e-09 -1.234650552183679e-09 -4.795144604600296e-10
0.0 0.0 0.0 0.0 0.0 0.0 0.0 0.0 0.0 0.0 0.0 6.568493368214621e-12 -1.0094332698636713e-09 -1.409962243041269e-08 -4.6081083843439646e-08 -8.718437128389652e-08 -1.2345677499411632e-07 -1.4840268537771066e-07 -1.5693793736127327e-07 -1.5119876188957172e-07 -1.3302050713399232e-07 -1.088571301647622e-07 -8.142028841998208e-08 -5.52352757401303e-08 -3.2832248877189384e-08 -1.704662091028777e-08 -8.463682822217254e-09 -4.082690209881139e-09 -1.5322658407974675e-09 -5.911175717758635e-10
0.0 0.0 0.0 0.0 0.0 0.0 0.0 0.0 0.0 0.0 0.0 0.0 2.2159975661487743e-243 -3.780927985669969e-10 -1.0287911587903206e-08 -4.153510180395683e-08 -8.543025657600381e-08 -1.245448808093227e-07 -1.4962408736270802e-07 -1.544377761812886e-07 -1.449435704820797e-07 -1.226976235428036e-07 -9.387785397775974e-08 -6.497273993378482e-08 -3.937437932384494e-08 -2.0672118419662913e-08 -1.0321551161185862e-08 -5.031973876957086e-09 -1.8945434562226293e-09 -7.273356209056169e-10
0.0 0.0 0.0 0.0 0.0 0.0 0.0 0.0 0.0 0.0 0.0 0.0 0.0 0.0 -8.467863264231872e-11 -6.292183845183661e-09 -3.457411244662188e-08 -8.001700105296657e-08 -1.207572929831811e-07 -1.4468036091238157e-07 -1.4743720417624246e-07 -1.3183874603778894e-07 -1.0479563328278375e-07 -7.431441857341664e-08 -4.5778428274211285e-08 -2.4601212503958343e-08 -1.2521213762831543e-08 -6.124129261154363e-09 -2.3211803840836886e-09 -8.829024066132077e-10
0.0 0.0 0.0 0.0 0.0 0.0 0.0 0.0 0.0 0.0 0.0 0.0 0.0 0.0 0.0 1.330366624256352e-11 -3.4403589541567025e-09 -2.758175734170414e-08 -7.083040694947201e-08 -1.0906111788237937e-07 -1.3120452159103185e-07 -1.290235037283524e-07 -1.0945644861519185e-07 -8.132092200992409e-08 -5.202523827029711e-08 -2.8454228529679028e-08 -1.4814977685548632e-08 -7.325721364337562e-09 -2.808647503252038e-09 -1.06627497125351e-09
0.0 0.0 0.0 0.0 0.0 0.0 0.0 0.0 0.0 0.0 0.0 0.0 0.0 0.0 0.0 0.0 1.0796712021684257e-11 -1.671443837276898e-09 -1.9550988526365223e-08 -5.822072166661404e-08 -9.51142413588272e-08 -1.1075642021859306e-07 -1.0484822196569127e-07 -8.348897998376112e-08 -5.6082067509955144e-08 -3.204270726924976e-08 -1.7038713509476996e-08 -8.609718961739004e-09 -3.3296241978508214e-09 -1.2687471650964438e-09
0.0 0.0 0.0 0.0 0.0 0.0 0.0 0.0 0.0 0.0 0.0 0.0 0.0 0.0 0.0 0.0 0.0 9.80616040350374e-243 -5.262397901600152e-10 -1.240143649567992e-08 -4.330341329871324e-08 -7.51739094311138e-08 -8.776801685974098e-08 -7.830181014076574e-08 -5.7005657346000393e-08 -3.4261191202454324e-08 -1.8893562824352167e-08 -9.779713079005733e-09 -3.86585809481463e-09 -1.4858558812396008e-09
0.0 0.0 0.0 0.0 0.0 0.0 0.0 0.0 0.0 0.0 0.0 0.0 0.0 0.0 0.0 0.0 0.0 0.0 0.0 -6.344977383119929e-11 -6.900346182443671e-09 -3.0820889700190246e-08 -5.517373152954743e-08 -6.213738447949532e-08 -5.1596122841245846e-08 -3.4109763460839207e-08 -2.0018479164850007e-08 -1.0625460222981645e-08 -4.364251591662123e-09 -1.69922093940187e-09
0.0 0.0 0.0 0.0 0.0 0.0 0.0 0.0 0.0 0.0 0.0 0.0 0.0 0.0 0.0 0.0 0.0 0.0 0.0 0.0 7.919847939159463e-12 -2.9876336496812417e-09 -1.8740280692828023e-08 -3.622519135736323e-08 -3.888845844178237e-08 -2.987414926784822e-08 -1.944116546053551e-08 -1.102120607375104e-08 -4.725097751759146e-09 -1.8798864062503094e-09
0.0 0.0 0.0 0.0 0.0 0.0 0.0 0.0 0.0 0.0 0.0 0.0 0.0 0.0 0.0 0.0 0.0 0.0 0.0 0.0 0.0 7.88369505260271e-12 -9.495127232230905e-10 -9.527152220866053e-09 -2.0024299353024397e-08 -2.1154257496293205e-08 -1.6539719803863457e-08 -1.0418392094960207e-08 -4.808966385304273e-09 -2.0028105229727335e-09
0.0 0.0 0.0 0.0 0.0 0.0 0.0 0.0 0.0 0.0 0.0 0.0 0.0 0.0 0.0 0.0 0.0 0.0 0.0 0.0 0.0 0.0 6.437559860902511e-13 -2.3466942476906456e-10 -4.030513314808148e-09 -9.692750098591613e-09 -1.0968344626403534e-08 -8.451034134198509e-09 -4.435228533498461e-09 -1.9539941282457437e-09
0.0 0.0 0.0 0.0 0.0 0.0 0.0 0.0 0.0 0.0 0.0 0.0 0.0 0.0 0.0 0.0 0.0 0.0 0.0 0.0 0.0 0.0 0.0 0.0 -3.083422910513189e-11 -1.3399836311966543e-09 -4.381105859804294e-09 -5.2685943446936765e-09 -3.4268509175234245e-09 -1.7058340822372089e-09
0.0 0.0 0.0 0.0 0.0 0.0 0.0 0.0 0.0 0.0 0.0 0.0 0.0 0.0 0.0 0.0 0.0 0.0 0.0 0.0 0.0 0.0 0.0 0.0 0.0 2.4439221432977735e-12 -4.00217772425109e-10 -1.656010585042767e-09 -1.9281271934074607e-09 -1.2557342060790683e-09
0.0 0.0 0.0 0.0 0.0 0.0 0.0 0.0 0.0 0.0 0.0 0.0 0.0 0.0 0.0 0.0 0.0 0.0 0.0 0.0 0.0 0.0 0.0 0.0 0.0 0.0 1.069913463000589e-12 -8.141760908599403e-11 -5.016881204107782e-10 -6.131779903026085e-10
0.0 0.0 0.0 0.0 0.0 0.0 0.0 0.0 0.0 0.0 0.0 0.0 0.0 0.0 0.0 0.0 0.0 0.0 0.0 0.0 0.0 0.0 0.0 0.0 0.0 0.0 0.0 3.915989330289135e-14 -1.0117889227740742e-11 -1.0413332783119236e-10
0.0 0.0 0.0 0.0 0.0 0.0 0.0 0.0 0.0 0.0 0.0 0.0 0.0 0.0 0.0 0.0 0.0 0.0 0.0 0.0 0.0 0.0 0.0 0.0 0.0 0.0 0.0 0.0 0.0 -2.772244395171876e-13
