-9.775960700295392e-18 -1.3941001516555564e-13 -1.1688984676715557e-12 -2.1642533794998307e-12 -2.3441763809037372e-12 -1.6043552858578205e-12 -1.8973938734707555e-13 1.6978922268184964e-12 3.8340044272550246e-12 5.9443772030944594e-12 7.982941728959399e-12 9.655671502471853e-12 1.0967842596742348e-11 1.1767694770410387e-11 1.2088521320686184e-11 1.196281538336364e-11 1.1335110698875441e-11 1.0245565666522764e-11 8.953354195835895e-12 7.436677074942447e-12 5.8627772095142906e-12 4.354849342500233e-12 3.0629731701384314e-12 2.036904217026682e-12 1.2662644026880718e-12 7.591950551512473e-13 4.274013176447184e-13 1.9447677898179403e-13 4.432020210828976e-14 1.762434378440247e-15
0.0 -1.8194572901104496e-14 -8.976697058433004e-13 6.069906070827062e-13 6.311658330812419e-12 1.0697552628969024e-11 1.2627073078809128e-11 1.2465861501797942e-11 1.0361353127143925e-11 7.004819358462607e-12 3.0264841917950015e-12 -1.4496152734434692e-12 -5.495096462653259e-12 -8.768448484342069e-12 -1.1486145175900395e-11 -1.3691845071341866e-11 -1.4466131484419728e-11 -1.4183227548120702e-11 -1.3421427464194024e-11 -1.1916007748160798e-11 -9.754588429101005e-12 -7.654442719837266e-12 -5.572082259767507e-12 -3.758318818639375e-12 -2.3987488597083157e-12 -1.4765018405933724e-12 -8.684287606249789e-13 -4.13543537865498e-13 -9.864856419283916e-14 -4.023729510482955e-15
0.0 0.0 1.2775493716871094e-241 7.992472394753885e-12 5.569244390045221e-11 1.000204633465031e-10 8.906796071098602e-11 1.951751565871777e-11 -8.949940256595986e-11 -2.2549630528435673e-10 -3.6901108803068386e-10 -5.037071280459534e-10 -6.224060714823573e-10 -7.110274103500041e-10 -7.670905766875431e-10 -7.852197097631971e-10 -7.700972422735546e-10 -7.182330636978251e-10 -6.391562773377965e-10 -5.433938799856059e-10 -4.331394229810398e-10 -3.2905028293659134e-10 -2.335826556135291e-10 -1.5616271045107214e-10 -9.80564550392061e-11 -5.910459677225343e-11 -3.391659538012763e-11 -1.5563957024002522e-11 -3.592313318034265e-12 -1.4377543209115797e-13
0.0 0.0 0.0 0.0 -3.1758877201880925e-12 -1.2010200050589562e-10 -5.171464372593117e-10 -1.0693379037372718e-09 -1.5975299495031279e-09 -2.0769611058274276e-09 -2.4742933669037046e-09 -2.775539990841163e-09 -2.9564279351708458e-09 -3.031828055716763e-09 -3.003357841723902e-09 -2.856234274181743e-09 -2.6360675846330625e-09 -2.32882392944299e-09 -1.9880518330915984e-09 -1.6028865161675978e-09 -1.2388040790766142e-09 -9.058878732442564e-10 -6.265304849926855e-10 -4.06593439970605e-10 -2.4787408083113435e-10 -1.4377246121872302e-10 -7.777091183588861e-11 -3.308250313488539e-11 -7.055806084259314e-12 -2.6144270128149027e-13
0.0 0.0 0.0 0.0 0.0 -1.098022369736117e-11 -3.548571531945039e-10 -1.5437585845312254e-09 -2.987973587110109e-09 -4.3459628121758226e-09 -5.394416459236586e-09 -6.070538964383412e-09 -6.501257603324237e-09 -6.6056624420876895e-09 -6.482905946972469e-09 -6.056496279670223e-09 -5.505301183377392e-09 -4.776339992618092e-09 -3.972573403048781e-09 -3.1712150020984437e-09 -2.3863530806496546e-09 -1.720201996428702e-09 -1.1649553798491003e-09 -7.398992416116119e-10 -4.3991400779214137e-10 -2.4715501270316555e-10 -1.2710401591343883e-10 -4.966058633517528e-11 -9.64996984953207e-12 -3.229758992393155e-13
0.0 0.0 0.0 0.0 0.0 0.0 -4.5984131734472946e-12 -3.829696249539353e-10 -2.186558940428561e-09 -4.693278825920996e-09 -7.091073740165892e-09 -8.764331497279416e-09 -9.925022079141213e-09 -1.0321601638546772e-08 -1.0291254232611064e-08 -9.83680653988287e-09 -8.911677164901175e-09 -7.812655717545336e-09 -6.54550447216683e-09 -5.198364911181032e-09 -3.9325232549140416e-09 -2.8149385980465987e-09 -1.891939871539167e-09 -1.1943227539027685e-09 -7.05445719479723e-10 -3.9051202385425487e-10 -1.9438109102071035e-10 -7.305478843477548e-11 -1.3376293470779366e-11 -4.147891041303415e-13
0.0 0.0 0.0 0.0 0.0 0.0 0.0 -1.6647438989082881e-243 -3.0802219927089237e-10 -2.484219394278405e-09 -6.209613202322462e-09 -9.648464175634036e-09 -1.220888913680845e-08 -1.3790156617858217e-08 -1.426833049310363e-08 -1.3918485592812841e-08 -1.2887113978350218e-08 -1.14887749267563e-08 -9.672588336695983e-09 -7.77568007106939e-09 -5.9313794506668355e-09 -4.244568863286048e-09 -2.8610180041570246e-09 -1.8015328122983315e-09 -1.062202450840378e-09 -5.826704188745639e-10 -2.84437719394248e-10 -1.0302375602738165e-10 -1.808857712405921e-11 -5.304780749942745e-13
0.0 0.0 0.0 0.0 0.0 0.0 0.0 0.0 0.0 -1.8526727866847344e-10 -2.4136819175527053e-09 -7.244438944031731e-09 -1.1824565990853568e-08 -1.5535717187928096e-08 -1.7435719562800836e-08 -1.7783357378125397e-08 -1.7192709039892337e-08 -1.5554304264162517e-08 -1.3338953132229486e-08 -1.0846747045158144e-08 -8.376354095200328e-09 -6.050391385736701e-09 -4.0921012050065466e-09 -2.5914231206876683e-09 -1.5255995157757231e-09 -8.333840918489946e-10 -4.011533635958297e-10 -1.4238104362546276e-10 -2.4037038395716734e-11 -6.735163455082486e-13
0.0 0.0 0.0 0.0 0.0 0.0 0.0 0.0 0.0 0.0 -7.838100594489774e-11 -1.940006740712132e-09 -7.766832087377967e-09 -1.3868493146336938e-08 -1.8425079513843554e-08 -2.057921435085913e-08 -2.0886149277238513e-08 -1.96405557380898e-08 -1.7428118559849673e-08 -1.4411935802179885e-08 -1.1213848718867055e-08 -8.211158713634558e-09 -5.609196385066599e-09 -3.5777046236375715e-09 -2.115163166094998e-09 -1.1493689800471358e-09 -5.506273104495576e-10 -1.909271356837522e-10 -3.1490222496891787e-11 -8.530159992184531e-13
0.0 0.0 0.0 0.0 0.0 0.0 0.0 0.0 0.0 0.0 0.0 -1.7956608725838016e-11 -1.4809563850544404e-09 -7.55039213249722e-09 -1.4939218270418705e-08 -2.041823705327584e-08 -2.2975294562741995e-08 -2.3065249764977506e-08 -2.115398539658376e-08 -1.8092974133961292e-08 -1.4350732859487223e-08 -1.073056222890194e-08 -7.4016035996194035e-09 -4.756517082108662e-09 -2.8320334718343228e-09 -1.5478313864293957e-09 -7.359917449304088e-10 -2.528413037998409e-10 -4.069610665735162e-11 -1.0668220006283859e-12
0.0 0.0 0.0 0.0 0.0 0.0 0.0 0.0 0.0 0.0 0.0 0.0 -2.2782232756939368e-243 -8.931374703408646e-10 -6.6100032940906154e-09 -1.4939212444553934e-08 -2.1537336765639815e-08 -2.4044890037632816e-08 -2.3939585790790537e-08 -2.1305184260106898e-08 -1.7542025293196098e-08 -1.3400739686239186e-08 -9.469642945221008e-09 -6.153867637760082e-09 -3.6900334890374963e-09 -2.029989596243444e-09 -9.607757551479113e-10 -3.263567518101305e-10 -5.1946554398559976e-11 -1.3209208907785303e-12
0.0 0.0 0.0 0.0 0.0 0.0 0.0 0.0 0.0 0.0 0.0 0.0 0.0 0.0 -4.3122371695936664e-10 -5.288786539842022e-09 -1.426644875033241e-08 -2.11940136739695e-08 -2.4029737597480216e-08 -2.3207850704310043e-08 -2.0210895319331244e-08 -1.5908987683477112e-08 -1.1583037662600937e-08 -7.692692106046842e-09 -4.661939852755854e-09 -2.5865720945222598e-09 -1.229697349950517e-09 -4.1605216154462386e-10 -6.50482556938634e-11 -1.614784913152523e-12
0.0 0.0 0.0 0.0 0.0 0.0 0.0 0.0 0.0 0.0 0.0 0.0 0.0 0.0 0.0 -1.5893028616334073e-10 -3.7158064551893456e-09 -1.2543301904175448e-08 -1.974561297591947e-08 -2.256061467483506e-08 -2.1495045657009906e-08 -1.7957224531968314e-08 -1.3470493565112817e-08 -9.209775690890443e-09 -5.714572784712179e-09 -3.2103936838440816e-09 -1.5324014419870785e-09 -5.197385838506514e-10 -8.01477576095513e-11 -1.964100663980888e-12
0.0 0.0 0.0 0.0 0.0 0.0 0.0 0.0 0.0 0.0 0.0 0.0 0.0 0.0 0.0 0.0 -3.074528803765855e-11 -2.126058259742185e-09 -9.486049785245205e-09 -1.7295300756567168e-08 -1.9791941512495247e-08 -1.8308503213038645e-08 -1.486411135490955e-08 -1.0488678848156821e-08 -6.739499409065706e-09 -3.8404334835239e-09 -1.8596414595941445e-09 -6.282553969913366e-10 -9.752220591252924e-11 -2.351438929978509e-12
0.0 0.0 0.0 0.0 0.0 0.0 0.0 0.0 0.0 0.0 0.0 0.0 0.0 0.0 0.0 0.0 0.0 -3.3804574456139317e-243 -1.0631033708849607e-09 -7.196687234632647e-09 -1.3945236434173888e-08 -1.638369730987779e-08 -1.4656733867246642e-08 -1.126531966868513e-08 -7.558123614304408e-09 -4.452099660672974e-09 -2.1752374425491856e-09 -7.466881351664975e-10 -1.1535939496995497e-10 -2.7675605291700843e-12
0.0 0.0 0.0 0.0 0.0 0.0 0.0 0.0 0.0 0.0 0.0 0.0 0.0 0.0 0.0 0.0 0.0 0.0 0.0 -4.2029416490975004e-10 -4.5579493318470696e-09 -1.0343500350552244e-08 -1.2252128089027508e-08 -1.0780118055570373e-08 -7.87131259332312e-09 -4.891886253922668e-09 -2.473982104676923e-09 -8.564610912413936e-10 -1.331972519106347e-10 -3.161161579996569e-12
0.0 0.0 0.0 0.0 0.0 0.0 0.0 0.0 0.0 0.0 0.0 0.0 0.0 0.0 0.0 0.0 0.0 0.0 0.0 0.0 -1.2659977929166654e-10 -2.4130463945525278e-09 -6.984560546754267e-09 -8.603552394068716e-09 -7.247795647418203e-09 -4.9722847813501845e-09 -2.6463330107048582e-09 -9.427461148553477e-10 -1.4884140472953402e-10 -3.587608768188865e-12
0.0 0.0 0.0 0.0 0.0 0.0 0.0 0.0 0.0 0.0 0.0 0.0 0.0 0.0 0.0 0.0 0.0 0.0 0.0 0.0 0.0 -2.0515915185627935e-11 -1.1411403796555112e-09 -4.082638904702969e-09 -5.337138697651425e-09 -4.397406506999381e-09 -2.6138351318203852e-09 -9.794131072190182e-10 -1.5804011433534585e-10 -3.864321755595755e-12
0.0 0.0 0.0 0.0 0.0 0.0 0.0 0.0 0.0 0.0 0.0 0.0 0.0 0.0 0.0 0.0 0.0 0.0 0.0 0.0 0.0 0.0 -4.331865366479332e-13 -4.2589432465393493e-10 -2.144094411342846e-09 -2.955850802712255e-09 -2.1936871607696104e-09 -9.233339925849196e-10 -1.5917930652806203e-10 -3.9992442432011706e-12
0.0 0.0 0.0 0.0 0.0 0.0 0.0 0.0 0.0 0.0 0.0 0.0 0.0 0.0 0.0 0.0 0.0 0.0 0.0 0.0 0.0 0.0 0.0 0.0 -1.1616192037470071e-10 -9.229160983390618e-10 -1.3298564641496663e-09 -7.331144222205494e-10 -1.4295225427472287e-10 -3.848011810792995e-12
0.0 0.0 0.0 0.0 0.0 0.0 0.0 0.0 0.0 0.0 0.0 0.0 0.0 0.0 0.0 0.0 0.0 0.0 0.0 0.0 0.0 0.0 0.0 0.0 0.0 -2.1777092882456055e-11 -2.937163770046941e-10 -3.764806523936113e-10 -1.0349256554393207e-10 -3.221198123539956e-12
0.0 0.0 0.0 0.0 0.0 0.0 0.0 0.0 0.0 0.0 0.0 0.0 0.0 0.0 0.0 0.0 0.0 0.0 0.0 0.0 0.0 0.0 0.0 0.0 0.0 0.0 -1.8194365700281815e-12 -5.109720497799479e-11 -4.185440635787751e-11 -2.0451849795395143e-12
0.0 0.0 0.0 0.0 0.0 0.0 0.0 0.0 0.0 0.0 0.0 0.0 0.0 0.0 0.0 0.0 0.0 0.0 0.0 0.0 0.0 0.0 0.0 0.0 0.0 0.0 0.0 -2.2722061735307156e-14 -2.439810291429308e-12 -5.627796656502351e-13
0.0 0.0 0.0 0.0 0.0 0.0 0.0 0.0 0.0 0.0 0.0 0.0 0.0 0.0 0.0 0.0 0.0 0.0 0.0 0.0 0.0 0.0 0.0 0.0 0.0 0.0 0.0 0.0 0.0 -4.047745527972041e-15
