9.910812400668541e-12 1.1041465692677012e-10 -3.710245235264148e-10 -2.2426457511289785e-09 -4.983872065437616e-09 -8.062466884144777e-09 -1.0792615203106279e-08 -1.2959110586250625e-08 -1.4665039956625261e-08 -1.5644201219631864e-08 -1.615105667634275e-08 -1.5988265859124408e-08 -1.54819220540786e-08 -1.459235687054037e-08 -1.3430531178735512e-08 -1.2067766925164812e-08 -1.0551773616752475e-08 -8.970335210621935e-09 -7.307434738943856e-09 -5.835195126661431e-09 -4.522719528248019e-09 -3.421373834183494e-09 -2.5192746937183023e-09 -1.813470641098287e-09 -1.3258668356441716e-09 -1.0120279364591574e-09 -7.176625390899878e-10 -4.338290539207668e-10 -1.7938911738617655e-10 -3.040549622153297e-11
0.0 3.135330353447376e-12 1.2634735765221783e-10 -1.6661734549607086e-10 -2.3655526563744444e-09 -6.0972127606921655e-09 -1.0377899767473609e-08 -1.4332428265457675e-08 -1.73653724644442e-08 -1.963146913817415e-08 -2.0969489064998007e-08 -2.1343895883901617e-08 -2.104930453085731e-08 -2.0089593994374156e-08 -1.868300633926144e-08 -1.688899954637122e-08 -1.4887848858846612e-08 -1.2653788267052907e-08 -1.0296583312918489e-08 -8.173337396367527e-09 -6.324980687906427e-09 -4.751847121980318e-09 -3.4695271022312597e-09 -2.4745192924774723e-09 -1.7905264276437103e-09 -1.3422404086292768e-09 -9.335387171592498e-10 -5.539654687678376e-10 -2.2444124182992136e-10 -3.721424139959844e-11
0.0 0.0 2.1992406104530806e-242 1.1273548154880672e-10 4.1343535981535276e-11 -2.359354331424407e-09 -6.980151232942974e-09 -1.2638749408996048e-08 -1.819678288169906e-08 -2.233261458944262e-08 -2.5261993205816393e-08 -2.6901297536202044e-08 -2.7168232134698392e-08 -2.66540033361563e-08 -2.4998987421546328e-08 -2.2786244494481964e-08 -2.0240056172805467e-08 -1.725907701385797e-08 -1.417014036310489e-08 -1.1293983778253843e-08 -8.713937668121979e-09 -6.495273828909666e-09 -4.721414831875014e-09 -3.327474158021447e-09 -2.392910819297412e-09 -1.7743243687273857e-09 -1.2131779901104932e-09 -7.056557763789579e-10 -2.8151376030121233e-10 -4.5709960715775106e-11
0.0 0.0 0.0 0.0 7.718492521696216e-11 2.4233697169572683e-10 -1.975225384929643e-09 -7.682112171136217e-09 -1.5054335501163492e-08 -2.1675849186909172e-08 -2.7613520647789554e-08 -3.1380885480617375e-08 -3.3189166797566515e-08 -3.3393450428710974e-08 -3.230195763928834e-08 -3.00404135015924e-08 -2.6767810237230176e-08 -2.3108268923215336e-08 -1.8986315806827804e-08 -1.5185085527372947e-08 -1.1780425786373106e-08 -8.782520652159754e-09 -6.345462387149584e-09 -4.472228969903807e-09 -3.1823191619312304e-09 -2.322367737027915e-09 -1.578267708675257e-09 -9.001716123264837e-10 -3.523927847888421e-10 -5.611428365641981e-11
0.0 0.0 0.0 0.0 0.0 4.0273975086821065e-11 3.820232894948665e-10 -1.2748332384601435e-09 -7.723693346323686e-09 -1.679501511840767e-08 -2.5699612888512575e-08 -3.259407362391996e-08 -3.722057127495298e-08 -3.968046210086247e-08 -3.9611531703731295e-08 -3.783539159236022e-08 -3.440927369909593e-08 -3.000496837867096e-08 -2.5048833820340323e-08 -2.0111197029227104e-08 -1.5605746242403273e-08 -1.1663649019763231e-08 -8.433584855619088e-09 -5.9246872350072435e-09 -4.2048641610016196e-09 -3.052372454248397e-09 -2.040667613225787e-09 -1.1496795202055098e-09 -4.4279601451516343e-10 -6.92297277323453e-11
0.0 0.0 0.0 0.0 0.0 0.0 1.1708172508640182e-11 4.175358723837815e-10 -6.557319430375871e-10 -7.4133878017277995e-09 -1.8171069680352212e-08 -2.892424472610004e-08 -3.7765795406929325e-08 -4.340477789600359e-08 -4.6182492287505416e-08 -4.5640286345009254e-08 -4.263041067237444e-08 -3.7962895568670356e-08 -3.224878532524023e-08 -2.6092996740688586e-08 -2.0424389542734763e-08 -1.531047694488641e-08 -1.1027965667982145e-08 -7.761254150874312e-09 -5.508140549165746e-09 -3.944984428537176e-09 -2.6233629558629222e-09 -1.4562257151935204e-09 -5.571684716906428e-10 -8.54976932926234e-11
0.0 0.0 0.0 0.0 0.0 0.0 0.0 1.6042900211468337e-243 3.436495739072723e-10 7.36898272974297e-12 -6.409743659474227e-09 -1.841618072122292e-08 -3.179770438854636e-08 -4.184325371680172e-08 -4.875238116437932e-08 -5.1794065723679365e-08 -5.043895497407234e-08 -4.6200462172595693e-08 -3.996773860079701e-08 -3.3068727753834506e-08 -2.6150183866898058e-08 -1.9736849260367974e-08 -1.4344406478872995e-08 -1.0106537298878742e-08 -7.122133070708267e-09 -5.100612054875686e-09 -3.3608454578035936e-09 -1.850646974645346e-09 -6.930585855751293e-10 -1.0570396303297132e-10
0.0 0.0 0.0 0.0 0.0 0.0 0.0 0.0 0.0 2.0944142421052113e-10 6.113197269443708e-10 -4.8461598875799225e-09 -1.7957775927747215e-08 -3.294881715415235e-08 -4.52266267146884e-08 -5.3499163622125666e-08 -5.567337774715057e-08 -5.371126374682573e-08 -4.779016309606935e-08 -4.072592937100441e-08 -3.261093358331613e-08 -2.4936450415227403e-08 -1.8281067697003337e-08 -1.293289795717756e-08 -9.137483505655235e-09 -6.5168787985409774e-09 -4.280419442571304e-09 -2.3345846120714183e-09 -8.702965248227331e-10 -1.3039318950332193e-10
0.0 0.0 0.0 0.0 0.0 0.0 0.0 0.0 0.0 0.0 9.467374393636523e-11 8.904732102817611e-10 -3.121334963202893e-09 -1.6692879883806833e-08 -3.3872959591261706e-08 -4.7493580227145e-08 -5.572214800880592e-08 -5.787000501515078e-08 -5.45265150937426e-08 -4.7995803516092306e-08 -3.9202849857981594e-08 -3.0660867944770696e-08 -2.2889168037502316e-08 -1.6281676648285893e-08 -1.1575926956506882e-08 -8.247423383529286e-09 -5.403874646303451e-09 -2.9279029288870643e-09 -1.0837959607476268e-09 -1.6072519159006926e-10
0.0 0.0 0.0 0.0 0.0 0.0 0.0 0.0 0.0 0.0 0.0 2.6477271036704647e-11 8.940945139010618e-10 -1.4651262920059346e-09 -1.3943999327126543e-08 -3.2697040368764546e-08 -4.7305723991985234e-08 -5.5747367827957955e-08 -5.77736942534707e-08 -5.3826000702700116e-08 -4.59933675859097e-08 -3.692906433120617e-08 -2.7689374784592793e-08 -2.012939111848716e-08 -1.4431756468936886e-08 -1.0335843320630854e-08 -6.751264022897632e-09 -3.6321136749294e-09 -1.3331682331832059e-09 -1.9666064646508426e-10
0.0 0.0 0.0 0.0 0.0 0.0 0.0 0.0 0.0 0.0 0.0 0.0 4.147536871008342e-244 6.635302696610592e-10 1.0680152957201661e-10 -1.1173179852355875e-08 -2.9413184163522016e-08 -4.564712321334145e-08 -5.3803692012350585e-08 -5.463336792473402e-08 -4.979407412448994e-08 -4.189008366275644e-08 -3.278501733551069e-08 -2.4191652758291695e-08 -1.7700004520331973e-08 -1.271855733302221e-08 -8.32990085811613e-09 -4.489665227167474e-09 -1.6416337493799843e-09 -2.3996808674298163e-10
0.0 0.0 0.0 0.0 0.0 0.0 0.0 0.0 0.0 0.0 0.0 0.0 0.0 0.0 3.7839126228003547e-10 1.2101130118738636e-09 -7.566761691761747e-09 -2.5243739200051266e-08 -4.103419145604043e-08 -4.929991704504269e-08 -5.033826013949401e-08 -4.518901146877432e-08 -3.663512150200646e-08 -2.816280425102118e-08 -2.0967706631817107e-08 -1.530967712269323e-08 -1.0094830709138764e-08 -5.478049433423369e-09 -1.9966028287867786e-09 -2.9025291738931726e-10
0.0 0.0 0.0 0.0 0.0 0.0 0.0 0.0 0.0 0.0 0.0 0.0 0.0 0.0 0.0 1.5625236155300463e-10 1.3982781774312082e-09 -4.305408514371801e-09 -2.0010388676046138e-08 -3.531964851021363e-08 -4.4254626097683064e-08 -4.4033525802764014e-08 -3.886194311817296e-08 -3.121946099557617e-08 -2.403136626004717e-08 -1.7925463550274708e-08 -1.2015236905373162e-08 -6.538904817923753e-09 -2.39481019228427e-09 -3.4732460717824887e-10
0.0 0.0 0.0 0.0 0.0 0.0 0.0 0.0 0.0 0.0 0.0 0.0 0.0 0.0 0.0 0.0 3.46468823300264e-11 1.1994481246396882e-09 -1.55279726821301e-09 -1.4874186992668595e-08 -2.8897681489390017e-08 -3.657077658543871e-08 -3.646671815725886e-08 -3.199487695175129e-08 -2.6214610055967187e-08 -2.011344634655831e-08 -1.3874973084670768e-08 -7.638816958277984e-09 -2.819885595243263e-09 -4.104349019768978e-10
0.0 0.0 0.0 0.0 0.0 0.0 0.0 0.0 0.0 0.0 0.0 0.0 0.0 0.0 0.0 0.0 0.0 4.851965163167459e-247 7.679709298045472e-10 1.788521199088738e-10 -9.54485673004812e-09 -2.1746594866793692e-08 -2.8879705643760836e-08 -2.9521931245537847e-08 -2.6427710326963188e-08 -2.1515635571310443e-08 -1.5360733031014275e-08 -8.682616123530904e-09 -3.257897985231362e-09 -4.776177907209555e-10
0.0 0.0 0.0 0.0 0.0 0.0 0.0 0.0 0.0 0.0 0.0 0.0 0.0 0.0 0.0 0.0 0.0 0.0 0.0 3.69578999215891e-10 9.403373022400095e-10 -5.385563252293111e-09 -1.5653642382688262e-08 -2.2127866335054224e-08 -2.310835927318572e-08 -2.0929429926882703e-08 -1.6031377645139254e-08 -9.450599556942736e-09 -3.635251682571755e-09 -5.375589224612492e-10
0.0 0.0 0.0 0.0 0.0 0.0 0.0 0.0 0.0 0.0 0.0 0.0 0.0 0.0 0.0 0.0 0.0 0.0 0.0 0.0 1.295066106929386e-10 9.840840445042073e-10 -2.581984149178924e-09 -1.0285544009684484e-08 -1.6242516078799875e-08 -1.763431022950701e-08 -1.51579013543402e-08 -9.575705527480776e-09 -3.867650121000561e-09 -5.893701046213307e-10
0.0 0.0 0.0 0.0 0.0 0.0 0.0 0.0 0.0 0.0 0.0 0.0 0.0 0.0 0.0 0.0 0.0 0.0 0.0 0.0 0.0 2.5376103490310022e-11 7.261023098918957e-10 -6.605173389973839e-10 -6.4468693462687515e-09 -1.1492567671857842e-08 -1.210189004607907e-08 -8.719520733187079e-09 -3.793284451855597e-09 -6.125992118974981e-10
0.0 0.0 0.0 0.0 0.0 0.0 0.0 0.0 0.0 0.0 0.0 0.0 0.0 0.0 0.0 0.0 0.0 0.0 0.0 0.0 0.0 0.0 2.1239816060298967e-243 3.674755614549846e-10 1.1620759433587909e-10 -3.655190090153767e-09 -7.165007787646859e-09 -6.6791088617027285e-09 -3.3546121641971417e-09 -5.820154897208894e-10
0.0 0.0 0.0 0.0 0.0 0.0 0.0 0.0 0.0 0.0 0.0 0.0 0.0 0.0 0.0 0.0 0.0 0.0 0.0 0.0 0.0 0.0 0.0 0.0 1.5342343666867023e-10 3.496592656753179e-10 -1.6733966313355492e-09 -3.40035109337051e-09 -2.3414665242514337e-09 -4.77451322276051e-10
0.0 0.0 0.0 0.0 0.0 0.0 0.0 0.0 0.0 0.0 0.0 0.0 0.0 0.0 0.0 0.0 0.0 0.0 0.0 0.0 0.0 0.0 0.0 0.0 0.0 4.6148697002651845e-11 2.9718518291273534e-10 -4.747028968333375e-10 -1.0159502098724133e-09 -3.086627739476701e-10
0.0 0.0 0.0 0.0 0.0 0.0 0.0 0.0 0.0 0.0 0.0 0.0 0.0 0.0 0.0 0.0 0.0 0.0 0.0 0.0 0.0 0.0 0.0 0.0 0.0 0.0 6.427004980336205e-12 1.4471920850741872e-10 -3.822466881238243e-11 -1.0138771001853975e-10
0.0 0.0 0.0 0.0 0.0 0.0 0.0 0.0 0.0 0.0 0.0 0.0 0.0 0.0 0.0 0.0 0.0 0.0 0.0 0.0 0.0 0.0 0.0 0.0 0.0 0.0 0.0 4.334654720344037e-242 2.9639843883029754e-11 8.760886692450612e-12
0.0 0.0 0.0 0.0 0.0 0.0 0.0 0.0 0.0 0.0 0.0 0.0 0.0 0.0 0.0 0.0 0.0 0.0 0.0 0.0 0.0 0.0 0.0 0.0 0.0 0.0 0.0 0.0 0.0 1.0923403193113539e-12
