-6.082804896278344e-11 -1.6379991721277792e-09 -6.707985534286826e-09 -1.3440433549710462e-08 -2.020440230431842e-08 -2.6003598182053734e-08 -3.0797882049925946e-08 -3.429064080085355e-08 -3.696427247880452e-08 -3.852132083887973e-08 -3.8726195650600804e-08 -3.8448838219704965e-08 -3.713973440261085e-08 -3.497234530548386e-08 -3.242485937769999e-08 -2.946800512145694e-08 -2.6079366782381198e-08 -2.277801465975789e-08 -1.972749675577832e-08 -1.674871981079884e-08 -1.4074784309712867e-08 -1.1375035742147935e-08 -8.584059196071385e-09 -5.710522581534232e-09 -3.104996245087152e-09 -1.4226262080412261e-09 -8.411451553982755e-10 -7.123953437916767e-10 -4.3366202814337086e-10 -2.6754772993351437e-10
0.0 -1.4843918193888218e-11 -1.2483660324343992e-09 -6.886883914117931e-09 -1.5754377183184673e-08 -2.4250906735210334e-08 -3.197399585239097e-08 -3.8235946517968054e-08 -4.243084613957365e-08 -4.587471977234528e-08 -4.7151857702921834e-08 -4.7481150579506864e-08 -4.6653334257196566e-08 -4.4496823227380394e-08 -4.171039082486047e-08 -3.795212105623216e-08 -3.396969268144143e-08 -2.9676628397369664e-08 -2.5661393498740696e-08 -2.1997455480573425e-08 -1.8348497739184053e-08 -1.4750919013806888e-08 -1.1052255140159815e-08 -7.3391343246167554e-09 -3.985391088572018e-09 -1.8486209986794377e-09 -1.101787003183345e-09 -9.153633971198626e-10 -5.518925444972606e-10 -3.3113685696000845e-10
0.0 0.0 -9.742209883868711e-13 -8.137904211491011e-10 -6.660017731533043e-09 -1.736923908204834e-08 -2.8423370727227053e-08 -3.850391483427829e-08 -4.6001487219593274e-08 -5.175662393923496e-08 -5.537890690964363e-08 -5.7174960024770117e-08 -5.7008901119750834e-08 -5.5085012819234766e-08 -5.236824886615232e-08 -4.833925104836617e-08 -4.338507815119718e-08 -3.8454176164456725e-08 -3.3257258147239076e-08 -2.840458758252577e-08 -2.3755125613965985e-08 -1.9004883345143013e-08 -1.4246249043022225e-08 -9.373607487762211e-09 -5.0913245393052255e-09 -2.3879182637588256e-09 -1.4398841263053471e-09 -1.1744734410491957e-09 -7.003161847640314e-10 -4.1154122114081836e-10
0.0 0.0 0.0 0.0 -4.289904612895639e-10 -5.427197086600927e-09 -1.828982512415456e-08 -3.233531317550521e-08 -4.505905940876719e-08 -5.471423089748223e-08 -6.189303259390149e-08 -6.585796070882079e-08 -6.728859387972681e-08 -6.693817435149736e-08 -6.450075153929659e-08 -6.041564245661216e-08 -5.503026746570317e-08 -4.8760542418455043e-08 -4.255624420823564e-08 -3.636544235662442e-08 -3.049998755641304e-08 -2.4348073322922187e-08 -1.8179210980970523e-08 -1.199923111239556e-08 -6.524932340832596e-09 -3.091146952725973e-09 -1.8792740714547472e-09 -1.5031639194379263e-09 -8.89139035259495e-10 -5.106418670781788e-10
0.0 0.0 0.0 0.0 0.0 -1.684661426057722e-10 -4.4641598820263645e-09 -1.8915125869788743e-08 -3.5916964662543035e-08 -5.1549378280676916e-08 -6.424450398738591e-08 -7.264843057048296e-08 -7.65648874161569e-08 -7.843890126637782e-08 -7.73030410332524e-08 -7.34624933160988e-08 -6.778746149583697e-08 -6.091074630702766e-08 -5.3568221987743716e-08 -4.6072426342517725e-08 -3.8647982323166837e-08 -3.1125207927440077e-08 -2.3173990030541937e-08 -1.5205229593220348e-08 -8.28177465053334e-09 -3.955030225222574e-09 -2.433026328427145e-09 -1.921028966696834e-09 -1.1309022041962266e-09 -6.379972511790237e-10
0.0 0.0 0.0 0.0 0.0 0.0 -3.770646397660758e-11 -3.354923328925704e-09 -1.8003169167837127e-08 -3.8444511824718987e-08 -5.724315204967908e-08 -7.256773898972647e-08 -8.233979863627362e-08 -8.803587952692615e-08 -8.986530276189636e-08 -8.698230321864716e-08 -8.200085406714742e-08 -7.428928034717274e-08 -6.654219412223734e-08 -5.7643780879630023e-08 -4.865511048134001e-08 -3.9068671020203015e-08 -2.9227636663987336e-08 -1.922207004306566e-08 -1.0519124801059517e-08 -5.0634280416626485e-09 -3.143655778966542e-09 -2.4512161900294314e-09 -1.4339753005802254e-09 -7.93529435801377e-10
0.0 0.0 0.0 0.0 0.0 0.0 0.0 0.0 -1.9919780313652245e-09 -1.6475327432826655e-08 -4.0293983331513404e-08 -6.302899402457922e-08 -8.156991208983107e-08 -9.297227593810291e-08 -9.882536373905976e-08 -1.0001352566152262e-07 -9.636058713338304e-08 -8.946557094729154e-08 -8.067832294158839e-08 -7.064940011886887e-08 -6.039769481061992e-08 -4.8911228298449624e-08 -3.649783163018967e-08 -2.400597688687533e-08 -1.3255884309073734e-08 -6.458985159431048e-09 -4.029903666241817e-09 -3.1144850230574856e-09 -1.8157373923596488e-09 -9.906678425978988e-10
0.0 0.0 0.0 0.0 0.0 0.0 0.0 0.0 0.0 -1.015155449321367e-09 -1.3749137932332873e-08 -4.0158270171467237e-08 -6.762908264178406e-08 -8.902337623961661e-08 -1.0319858351711073e-07 -1.0902185603634447e-07 -1.0837275070365341e-07 -1.0367783834295487e-07 -9.586486909598211e-08 -8.548423279876972e-08 -7.320297465638851e-08 -6.000459711495217e-08 -4.5146171538524044e-08 -2.980216609478832e-08 -1.654748016205163e-08 -8.170109146206099e-09 -5.147068691671975e-09 -3.923892524960147e-09 -2.2931228002753714e-09 -1.2277415133447551e-09
0.0 0.0 0.0 0.0 0.0 0.0 0.0 0.0 0.0 0.0 -3.968882132099911e-10 -9.916443889507487e-09 -3.833734929400491e-08 -7.045118246418313e-08 -9.526253523016824e-08 -1.1124254597086476e-07 -1.1631003701163965e-07 -1.1595220335673018e-07 -1.1002756774552839e-07 -9.989662559298474e-08 -8.7440545570356e-08 -7.219322656786098e-08 -5.484918906583851e-08 -3.6541162650100806e-08 -2.0363903262262353e-08 -1.0238101994222654e-08 -6.499514490682564e-09 -4.960935828951509e-09 -2.8715158817011067e-09 -1.5204735515597354e-09
0.0 0.0 0.0 0.0 0.0 0.0 0.0 0.0 0.0 0.0 0.0 -8.493500512548843e-11 -6.75315897318466e-09 -3.405597012173416e-08 -7.08307983159331e-08 -9.883301394174074e-08 -1.1637431635737355e-07 -1.2290644619331429e-07 -1.2117284894934698e-07 -1.1450785199873126e-07 -1.0156578291130098e-07 -8.5403205705822e-08 -6.566719360571378e-08 -4.4167469909255175e-08 -2.493225620606919e-08 -1.2650238367271117e-08 -8.148180544297961e-09 -6.1553098413914675e-09 -3.5818519932582445e-09 -1.876610084472892e-09
0.0 0.0 0.0 0.0 0.0 0.0 0.0 0.0 0.0 0.0 0.0 0.0 -1.1575551720357137e-242 -3.888871342226326e-09 -2.8622055046322347e-08 -6.661138102294242e-08 -9.8907417836157e-08 -1.1883933325455537e-07 -1.2549324033154044e-07 -1.234611700758404e-07 -1.1448321619202255e-07 -9.788143358333617e-08 -7.68047964130216e-08 -5.2110906689373625e-08 -3.0001734714108465e-08 -1.542049551886123e-08 -1.008610221493992e-08 -7.597561022307364e-09 -4.435187717190157e-09 -2.289410779490846e-09
0.0 0.0 0.0 0.0 0.0 0.0 0.0 0.0 0.0 0.0 0.0 0.0 0.0 0.0 -1.6979509242579251e-09 -2.1903751646112757e-08 -6.189788437394534e-08 -9.671040305529246e-08 -1.1799852710228665e-07 -1.2576905607065767e-07 -1.2202771510383675e-07 -1.0795115827664435e-07 -8.739746844332269e-08 -6.053631566026267e-08 -3.5362691010059636e-08 -1.8571783680049083e-08 -1.230755835309449e-08 -9.273198683844764e-09 -5.438246502749788e-09 -2.7895151633821546e-09
0.0 0.0 0.0 0.0 0.0 0.0 0.0 0.0 0.0 0.0 0.0 0.0 0.0 0.0 0.0 -5.878946164315782e-10 -1.5239374610049356e-08 -5.344324696525045e-08 -9.164272463739011e-08 -1.1437417644749433e-07 -1.212719002769133e-07 -1.1423246759656471e-07 -9.509445974242417e-08 -6.833027108508576e-08 -4.068580844806125e-08 -2.179322042927388e-08 -1.4793483295647499e-08 -1.1198712517049806e-08 -6.580992556573728e-09 -3.367314967357385e-09
0.0 0.0 0.0 0.0 0.0 0.0 0.0 0.0 0.0 0.0 0.0 0.0 0.0 0.0 0.0 0.0 -1.2772314837061502e-10 -9.433925928218257e-09 -4.425038729881222e-08 -8.344145045236405e-08 -1.0574078902541845e-07 -1.114165406707615e-07 -9.848345059236012e-08 -7.358129300237805e-08 -4.533257103295491e-08 -2.524107720724439e-08 -1.7299801783932578e-08 -1.3239018817613881e-08 -7.874755852717068e-09 -4.015751557336613e-09
0.0 0.0 0.0 0.0 0.0 0.0 0.0 0.0 0.0 0.0 0.0 0.0 0.0 0.0 0.0 0.0 0.0 -9.72073697541541e-244 -4.788386491457572e-09 -3.3767047385933574e-08 -7.132565201683602e-08 -9.369891930967065e-08 -9.343839397944612e-08 -7.481022879753397e-08 -4.858280328132832e-08 -2.8009371040746558e-08 -1.9750931822488024e-08 -1.5337171973268992e-08 -9.233587817492088e-09 -4.702536918448699e-09
0.0 0.0 0.0 0.0 0.0 0.0 0.0 0.0 0.0 0.0 0.0 0.0 0.0 0.0 0.0 0.0 0.0 0.0 0.0 -2.076934815857151e-09 -2.3096553105287418e-08 -5.723299324492422e-08 -7.504601136977441e-08 -6.866350957955011e-08 -4.8195413675834405e-08 -2.933188560011915e-08 -2.1782585002627417e-08 -1.7302584859585836e-08 -1.0596439654703815e-08 -5.408019456658173e-09
0.0 0.0 0.0 0.0 0.0 0.0 0.0 0.0 0.0 0.0 0.0 0.0 0.0 0.0 0.0 0.0 0.0 0.0 0.0 0.0 -6.133747952860148e-10 -1.3632589284265169e-08 -4.1090981936529116e-08 -5.143740723847313e-08 -4.306269978349794e-08 -2.905329264302196e-08 -2.2958631373052463e-08 -1.8775196080089924e-08 -1.174704691100415e-08 -6.086275308022804e-09
0.0 0.0 0.0 0.0 0.0 0.0 0.0 0.0 0.0 0.0 0.0 0.0 0.0 0.0 0.0 0.0 0.0 0.0 0.0 0.0 0.0 -1.0792303532967649e-10 -6.865225400626205e-09 -2.432401756679902e-08 -3.0603593703889825e-08 -2.486868657875725e-08 -2.2070027893303148e-08 -1.928926506935169e-08 -1.2596413520744454e-08 -6.623256649430053e-09
0.0 0.0 0.0 0.0 0.0 0.0 0.0 0.0 0.0 0.0 0.0 0.0 0.0 0.0 0.0 0.0 0.0 0.0 0.0 0.0 0.0 0.0 -2.9613193045583126e-12 -2.3070006468280235e-09 -1.1643504592213348e-08 -1.658260546264062e-08 -1.8459447666291178e-08 -1.8154332050339094e-08 -1.2662908650082364e-08 -6.8581476904906804e-09
0.0 0.0 0.0 0.0 0.0 0.0 0.0 0.0 0.0 0.0 0.0 0.0 0.0 0.0 0.0 0.0 0.0 0.0 0.0 0.0 0.0 0.0 0.0 0.0 -6.067176484749337e-10 -4.940160430301655e-09 -1.131745721727679e-08 -1.4219539140818532e-08 -1.1535598364655404e-08 -6.685352090996518e-09
0.0 0.0 0.0 0.0 0.0 0.0 0.0 0.0 0.0 0.0 0.0 0.0 0.0 0.0 0.0 0.0 0.0 0.0 0.0 0.0 0.0 0.0 0.0 0.0 0.0 -1.2391982586986238e-10 -2.7329435574460034e-09 -7.467951651556497e-09 -8.678162812406221e-09 -5.830713360451185e-09
0.0 0.0 0.0 0.0 0.0 0.0 0.0 0.0 0.0 0.0 0.0 0.0 0.0 0.0 0.0 0.0 0.0 0.0 0.0 0.0 0.0 0.0 0.0 0.0 0.0 0.0 -2.0972112279556e-11 -1.1734585316826815e-09 -3.954222358847571e-09 -3.988837239526758e-09
0.0 0.0 0.0 0.0 0.0 0.0 0.0 0.0 0.0 0.0 0.0 0.0 0.0 0.0 0.0 0.0 0.0 0.0 0.0 0.0 0.0 0.0 0.0 0.0 0.0 0.0 0.0 -7.832963659569178e-13 -3.7897569301479297e-10 -1.3961511645816115e-09
0.0 0.0 0.0 0.0 0.0 0.0 0.0 0.0 0.0 0.0 0.0 0.0 0.0 0.0 0.0 0.0 0.0 0.0 0.0 0.0 0.0 0.0 0.0 0.0 0.0 0.0 0.0 0.0 0.0 -5.22155635780693e-11
