-3.341301453394958e-11 -9.305507761413373e-10 -3.534228310523324e-09 -6.56505746285831e-09 -9.309314088388404e-09 -1.125819726418027e-08 -1.2914635674073109e-08 -1.424735425735475e-08 -1.4949284623981165e-08 -1.541037895496634e-08 -1.559625102606015e-08 -1.5302024194650198e-08 -1.4710000547631881e-08 -1.3809194401686906e-08 -1.2741477645537826e-08 -1.1501674927746242e-08 -1.0120989111213242e-08 -8.629680969407166e-09 -7.0570419800571114e-09 -5.638417753225489e-09 -4.391200245183813e-09 -3.3240078315282745e-09 -2.464482136672127e-09 -1.7768125124987712e-09 -1.3075530137426563e-09 -1.0014699571956649e-09 -7.099040860068146e-10 -4.302712020655109e-10 -1.7844614256476733e-10 -3.02938164542315e-11
0.0 -9.05228645995559e-12 -7.702632985401221e-10 -4.047351766368322e-09 -8.437329057254417e-09 -1.2407365434771112e-08 -1.547682553284648e-08 -1.768958617856474e-08 -1.9285841064940183e-08 -2.0415512669147974e-08 -2.0791073383561715e-08 -2.0803675171349274e-08 -2.0206795832038473e-08 -1.9109453310058688e-08 -1.7702891078203536e-08 -1.6032696405132703e-08 -1.4124822629105722e-08 -1.210039398307954e-08 -9.8698129950965e-09 -7.883287981930556e-09 -6.116992205042936e-09 -4.6047013940361614e-09 -3.376583849407629e-09 -2.4115047666518e-09 -1.758425291823563e-09 -1.3240895700974082e-09 -9.255058637847253e-10 -5.47943732581242e-10 -2.2283592969755877e-10 -3.69271666246032e-11
0.0 0.0 -7.029668323695901e-13 -5.490218379907074e-10 -4.213871582103613e-09 -1.0139247890646002e-08 -1.573891385940218e-08 -1.9977414632214358e-08 -2.321845367930186e-08 -2.552508866297929e-08 -2.665654571996457e-08 -2.6940795649404153e-08 -2.6503912231108442e-08 -2.5443469582011574e-08 -2.3826023968858492e-08 -2.1745140014644282e-08 -1.922537805517344e-08 -1.64314442152152e-08 -1.349052823121912e-08 -1.0799969978418485e-08 -8.359869614710724e-09 -6.285283123070144e-09 -4.572587373728983e-09 -3.2557524738969195e-09 -2.338787530536999e-09 -1.738281765504326e-09 -1.1970297137660587e-09 -6.976024528443408e-10 -2.7838109588983333e-10 -4.523121747634105e-11
0.0 0.0 0.0 0.0 -3.1223974417840813e-10 -4.044509345398985e-09 -1.1698486200626617e-08 -1.9051795689174376e-08 -2.5211763565790148e-08 -2.9371728589169452e-08 -3.2019261588823276e-08 -3.326663077303496e-08 -3.3585707224596334e-08 -3.2632304553449873e-08 -3.111191166492175e-08 -2.855901031564303e-08 -2.5477630405061038e-08 -2.1888511614891698e-08 -1.802383421075877e-08 -1.4464711934806725e-08 -1.1214023122518918e-08 -8.434180988344092e-09 -6.107409547418267e-09 -4.3253196069522016e-09 -3.100672354370289e-09 -2.2774392206268525e-09 -1.5461175020504083e-09 -8.858177410380508e-10 -3.481270448334947e-10 -5.5394274232283593e-11
0.0 0.0 0.0 0.0 0.0 -1.325999964931811e-10 -3.234132335740041e-09 -1.2629929944140787e-08 -2.268537076060277e-08 -3.069720683057389e-08 -3.620865803214864e-08 -3.898194269739862e-08 -4.089579159485455e-08 -4.066629679281037e-08 -3.919856356506364e-08 -3.6437463183073806e-08 -3.283612309985034e-08 -2.8602910355317436e-08 -2.3721076210835774e-08 -1.9058073518036954e-08 -1.4821070290897339e-08 -1.1154103527874104e-08 -8.095281758891477e-09 -5.692952279947725e-09 -4.072673725897566e-09 -2.959934322203457e-09 -1.992404483928564e-09 -1.1267368312117411e-09 -4.3541670768450294e-10 -6.852128131041096e-11
0.0 0.0 0.0 0.0 0.0 0.0 -3.229317195121154e-11 -2.2628853193772485e-09 -1.2737896693785312e-08 -2.592893007622445e-08 -3.623946475407464e-08 -4.32195609584155e-08 -4.681638340770642e-08 -4.840020618472011e-08 -4.776240752003396e-08 -4.540068912594266e-08 -4.1273991211951754e-08 -3.6302589449088156e-08 -3.036560482370665e-08 -2.466014385314776e-08 -1.9319806905718558e-08 -1.4501019355370684e-08 -1.0543434865756028e-08 -7.4358399197834535e-09 -5.3052613849539e-09 -3.8316986207687465e-09 -2.5521862716971978e-09 -1.4332105667232478e-09 -5.461790188553899e-10 -8.437637619786554e-11
0.0 0.0 0.0 0.0 0.0 0.0 0.0 -2.0958381262302924e-12 -1.6284417495887214e-09 -1.2015924703673186e-08 -2.8161401263656e-08 -4.157294643369631e-08 -4.972364829730357e-08 -5.438272260259755e-08 -5.564748796170676e-08 -5.4127917465801904e-08 -5.0292034295178113e-08 -4.4949188956426215e-08 -3.825137154029485e-08 -3.136617838716228e-08 -2.4620258920092405e-08 -1.8611082508401834e-08 -1.3587536778200858e-08 -9.621407941863892e-09 -6.834062881675851e-09 -4.9130359416596626e-09 -3.258860015229592e-09 -1.8042033875601818e-09 -6.814922911918629e-10 -1.03743768701167e-10
0.0 0.0 0.0 0.0 0.0 0.0 0.0 0.0 0.0 -8.663637093598857e-10 -1.0306257513581747e-08 -2.9243807123894783e-08 -4.573070383190555e-08 -5.5879911214322374e-08 -6.102959965608529e-08 -6.212376836466465e-08 -5.936808720296728e-08 -5.3991586132001335e-08 -4.668703256560991e-08 -3.889356115192531e-08 -3.100316551536194e-08 -2.3520503195156993e-08 -1.7327309872135043e-08 -1.2285006121394857e-08 -8.74792861160154e-09 -6.249006591894103e-09 -4.1230525989806316e-09 -2.261029634733828e-09 -8.440918586746921e-10 -1.2777257111616023e-10
0.0 0.0 0.0 0.0 0.0 0.0 0.0 0.0 0.0 0.0 -3.070064031178077e-10 -8.05041696988219e-09 -2.8230603784537525e-08 -4.8160063202802206e-08 -6.111979053242438e-08 -6.644941392051199e-08 -6.681150184314184e-08 -6.30088569095042e-08 -5.5638174564949e-08 -4.7073239545606156e-08 -3.7773393369942705e-08 -2.9201882377016288e-08 -2.1647966485724852e-08 -1.545829881647059e-08 -1.1007994531177316e-08 -7.886922809670774e-09 -5.1624701631403376e-09 -2.82636565220888e-09 -1.046721636241964e-09 -1.5624971726409472e-10
0.0 0.0 0.0 0.0 0.0 0.0 0.0 0.0 0.0 0.0 0.0 -7.059914190513721e-11 -5.508514627489907e-09 -2.6037227752050064e-08 -4.9229540635425e-08 -6.471304633770175e-08 -7.056506389250768e-08 -6.935179302144595e-08 -6.353799988820192e-08 -5.523485174827794e-08 -4.5327181663906126e-08 -3.5425133824924276e-08 -2.6473320554590254e-08 -1.8973013495273003e-08 -1.3685788899066993e-08 -9.782563645773864e-09 -6.4291586312376306e-09 -3.497730926104364e-09 -1.288431112899819e-09 -1.9041925904676933e-10
0.0 0.0 0.0 0.0 0.0 0.0 0.0 0.0 0.0 0.0 0.0 0.0 -4.663406923064769e-248 -3.1760860043203605e-09 -2.2146408881030533e-08 -4.7420073653373817e-08 -6.531524851827115e-08 -7.140309816422049e-08 -6.964465041711072e-08 -6.286919284891466e-08 -5.2462507548617545e-08 -4.182659413703546e-08 -3.173793409294623e-08 -2.3171469194749743e-08 -1.675220266747876e-08 -1.2089552212753814e-08 -7.9352041322831e-09 -4.2861097668489285e-09 -1.5759474219206236e-09 -2.3118000959529513e-10
0.0 0.0 0.0 0.0 0.0 0.0 0.0 0.0 0.0 0.0 0.0 0.0 0.0 0.0 -1.5483786698761579e-09 -1.7415877668762018e-08 -4.471060637436258e-08 -6.304484433680276e-08 -6.933803305288347e-08 -6.698477994161166e-08 -5.844736455189838e-08 -4.805070956536924e-08 -3.722690744505278e-08 -2.747668829563426e-08 -2.0152844388198206e-08 -1.46000037711691e-08 -9.584948396151396e-09 -5.199709768133314e-09 -1.9125760441344763e-09 -2.7891695737169043e-10
0.0 0.0 0.0 0.0 0.0 0.0 0.0 0.0 0.0 0.0 0.0 0.0 0.0 0.0 0.0 -5.295712635537704e-10 -1.2004908638615482e-08 -3.858948204850093e-08 -5.825944619126415e-08 -6.496768493891954e-08 -6.164692070841594e-08 -5.270026102161915e-08 -4.207491503620764e-08 -3.187707725323055e-08 -2.3626986422448983e-08 -1.7335755101834104e-08 -1.147133603638361e-08 -6.2295084170236225e-09 -2.288112162173001e-09 -3.319144733301089e-10
0.0 0.0 0.0 0.0 0.0 0.0 0.0 0.0 0.0 0.0 0.0 0.0 0.0 0.0 0.0 0.0 -1.0605037387442386e-10 -7.284115253906915e-09 -3.0663812279356385e-08 -5.116962612212891e-08 -5.721347737831368e-08 -5.406228620783438e-08 -4.5468613496645924e-08 -3.568460334174976e-08 -2.6974042826400175e-08 -2.0071828136814824e-08 -1.3514495924477618e-08 -7.3380433203276904e-09 -2.707917564633705e-09 -3.9274120723858604e-10
0.0 0.0 0.0 0.0 0.0 0.0 0.0 0.0 0.0 0.0 0.0 0.0 0.0 0.0 0.0 0.0 0.0 -7.671871472833585e-244 -3.509040417015598e-09 -2.2297653128689316e-08 -4.211341608384184e-08 -4.877151024233775e-08 -4.572685915060148e-08 -3.7750907466495215e-08 -2.9704318236400415e-08 -2.2581583429948388e-08 -1.539643682186866e-08 -8.486889925869777e-09 -3.1327289022305445e-09 -4.5795232290711365e-10
0.0 0.0 0.0 0.0 0.0 0.0 0.0 0.0 0.0 0.0 0.0 0.0 0.0 0.0 0.0 0.0 0.0 0.0 0.0 -1.4473699843570813e-09 -1.4550790425440208e-08 -3.2265650311233886e-08 -3.919627925219213e-08 -3.681484276666778e-08 -3.095194090857294e-08 -2.4507401939144188e-08 -1.7157681429549808e-08 -9.603411387304995e-09 -3.570976823025231e-09 -5.22919636598819e-10
0.0 0.0 0.0 0.0 0.0 0.0 0.0 0.0 0.0 0.0 0.0 0.0 0.0 0.0 0.0 0.0 0.0 0.0 0.0 0.0 -4.0399315733995696e-10 -8.297670780069429e-09 -2.2911602790584573e-08 -3.024110227604997e-08 -2.9381701617477746e-08 -2.5094181331291742e-08 -1.8299367825001576e-08 -1.0482012676544323e-08 -3.980869008729412e-09 -5.879982062096897e-10
0.0 0.0 0.0 0.0 0.0 0.0 0.0 0.0 0.0 0.0 0.0 0.0 0.0 0.0 0.0 0.0 0.0 0.0 0.0 0.0 0.0 -6.79848327031758e-11 -4.2300156954939565e-09 -1.549278826251588e-08 -2.2919466089010286e-08 -2.3010673430533366e-08 -1.8140044766456126e-08 -1.1050665799389142e-08 -4.257974665710359e-09 -6.358769858379057e-10
0.0 0.0 0.0 0.0 0.0 0.0 0.0 0.0 0.0 0.0 0.0 0.0 0.0 0.0 0.0 0.0 0.0 0.0 0.0 0.0 0.0 0.0 -3.5788845032560785e-244 -1.6811107178136813e-09 -9.687896967777823e-09 -1.6315277393822334e-08 -1.5880970911041744e-08 -1.0628536853102348e-08 -4.3880160690329894e-09 -6.721591237760028e-10
0.0 0.0 0.0 0.0 0.0 0.0 0.0 0.0 0.0 0.0 0.0 0.0 0.0 0.0 0.0 0.0 0.0 0.0 0.0 0.0 0.0 0.0 0.0 0.0 -6.124081054200218e-10 -5.5987431986803965e-09 -1.0267057012917716e-08 -8.821109201009232e-09 -4.102771867660122e-09 -6.713021218185494e-10
0.0 0.0 0.0 0.0 0.0 0.0 0.0 0.0 0.0 0.0 0.0 0.0 0.0 0.0 0.0 0.0 0.0 0.0 0.0 0.0 0.0 0.0 0.0 0.0 0.0 -1.5370545867763464e-10 -2.606020488630123e-09 -5.003488497434734e-09 -3.1533330607876673e-09 -5.99406956324926e-10
0.0 0.0 0.0 0.0 0.0 0.0 0.0 0.0 0.0 0.0 0.0 0.0 0.0 0.0 0.0 0.0 0.0 0.0 0.0 0.0 0.0 0.0 0.0 0.0 0.0 0.0 -1.788378107533738e-11 -7.845333049283249e-10 -1.49305801024223e-09 -4.2033877377747657e-10
0.0 0.0 0.0 0.0 0.0 0.0 0.0 0.0 0.0 0.0 0.0 0.0 0.0 0.0 0.0 0.0 0.0 0.0 0.0 0.0 0.0 0.0 0.0 0.0 0.0 0.0 0.0 -4.876995715940438e-13 -1.3146187698588982e-10 -1.4631760032549327e-10
0.0 0.0 0.0 0.0 0.0 0.0 0.0 0.0 0.0 0.0 0.0 0.0 0.0 0.0 0.0 0.0 0.0 0.0 0.0 0.0 0.0 0.0 0.0 0.0 0.0 0.0 0.0 0.0 0.0 -3.736721600705966e-12
