-7.111076719658711e-11 -2.0442349118789695e-09 -8.296879113224382e-09 -1.6790357680023853e-08 -2.5437569516812505e-08 -3.387564981974934e-08 -4.197591262231388e-08 -4.937967819557015e-08 -5.665702262524632e-08 -6.315601138066293e-08 -6.987382420401299e-08 -7.665802370417733e-08 -8.317729501229949e-08 -9.004789059698935e-08 -9.71361675057285e-08 -1.0456589452419716e-07 -1.1197954732811387e-07 -1.194296743558799e-07 -1.2744664568809778e-07 -1.3507726147368944e-07 -1.4155961265796172e-07 -1.4689602062536076e-07 -1.483938097894165e-07 -1.4372342858751313e-07 -1.3025972546532391e-07 -1.0562443673336492e-07 -7.149108235930438e-08 -3.598212866412173e-08 -1.0266394158534598e-08 -9.167321310145506e-10
0.0 -1.8614410494941326e-11 -1.5048142072665327e-09 -8.671612110028945e-09 -1.956522340993335e-08 -3.161605265737444e-08 -4.322351065300128e-08 -5.406593457432245e-08 -6.465474323974541e-08 -7.473463307897701e-08 -8.423452675170778e-08 -9.380322814507962e-08 -1.0348901618582407e-07 -1.1362188309404203e-07 -1.2328111558206423e-07 -1.336044916941179e-07 -1.4377707564792646e-07 -1.538462971728219e-07 -1.6430531596947303e-07 -1.7483344320211634e-07 -1.8397074111596864e-07 -1.9030938841301683e-07 -1.919040316558224e-07 -1.8569060406472026e-07 -1.6682664549995148e-07 -1.3445268751190446e-07 -9.044891467783251e-08 -4.498372321132005e-08 -1.270117397044761e-08 -1.1115879154412051e-09
0.0 0.0 -8.104743181284543e-243 -9.753595566398146e-10 -8.304096983365177e-09 -2.2231621441980083e-08 -3.846903921505985e-08 -5.3953579350514995e-08 -6.897658909611447e-08 -8.453556541085728e-08 -9.806389450251493e-08 -1.118159523581714e-07 -1.2525568974657188e-07 -1.393548695723673e-07 -1.538522584229122e-07 -1.679613740492279e-07 -1.8244043009106738e-07 -1.9627734901712907e-07 -2.105953195961014e-07 -2.2475187174117589e-07 -2.366671896584177e-07 -2.452846957308007e-07 -2.464356519759924e-07 -2.3765372009791471e-07 -2.1363094025191555e-07 -1.711128264929113e-07 -1.1420509018836293e-07 -5.628603976678345e-08 -1.5629342129004984e-08 -1.3437134207544719e-09
0.0 0.0 0.0 0.0 -5.351142058467708e-10 -7.645365904750694e-09 -2.4585357319676305e-08 -4.569546277279948e-08 -6.704176682309945e-08 -8.782579986473435e-08 -1.0766247042637829e-07 -1.2820085723201824e-07 -1.4762214204980253e-07 -1.6759029797090204e-07 -1.86919032118346e-07 -2.069162883053258e-07 -2.2688645841026597e-07 -2.468693165468677e-07 -2.668422825849444e-07 -2.850971693097843e-07 -3.019036480786325e-07 -3.1361568290804577e-07 -3.16767384112011e-07 -3.0521113620163165e-07 -2.7278626445785863e-07 -2.1761158071924483e-07 -1.4459383310280982e-07 -7.064732819711233e-08 -1.9375632482962347e-08 -1.636386678579938e-09
0.0 0.0 0.0 0.0 0.0 -2.2787016299216606e-10 -6.472479807999753e-09 -2.627231008891219e-08 -5.4014413047483535e-08 -8.157366800632383e-08 -1.1097532025905256e-07 -1.3932335166564538e-07 -1.673684786731137e-07 -1.946306336657398e-07 -2.2214934790479e-07 -2.507108538414405e-07 -2.79328992945251e-07 -3.0703358698151113e-07 -3.343218531917062e-07 -3.6070456336190396e-07 -3.8274111045835685e-07 -4.0040854750045665e-07 -4.032532788051998e-07 -3.894302880756262e-07 -3.4709862272173794e-07 -2.754973141363826e-07 -1.8218376086867518e-07 -8.840376951556775e-08 -2.407002951777224e-08 -2.003551114354473e-09
0.0 0.0 0.0 0.0 0.0 0.0 -4.741870181568318e-11 -4.717811522204846e-09 -2.607105961842045e-08 -6.18785219483899e-08 -1.0023333873329812e-07 -1.3859550753443373e-07 -1.784162814537334e-07 -2.1730479483754927e-07 -2.5579461463146295e-07 -2.9590395606792537e-07 -3.3363875376944763e-07 -3.7470691106695246e-07 -4.1282352220947403e-07 -4.473993660054833e-07 -4.805196279824869e-07 -5.022751906954174e-07 -5.085778629462432e-07 -4.918294726168495e-07 -4.4004569112544453e-07 -3.4935737736249666e-07 -2.293483879100784e-07 -1.1047883097991194e-07 -2.981217243088148e-08 -2.4481351131944534e-09
0.0 0.0 0.0 0.0 0.0 0.0 0.0 -9.2756202972216e-244 -3.1193625034271435e-09 -2.5868977617244655e-08 -6.927227572584713e-08 -1.2189352037682667e-07 -1.7377062663110984e-07 -2.2749058558631492e-07 -2.799842470787737e-07 -3.3573959856106233e-07 -3.891428520026536e-07 -4.437407547995663e-07 -4.966337288828438e-07 -5.478819425010285e-07 -5.92593241704628e-07 -6.278498650692743e-07 -6.387490243870596e-07 -6.161106657364868e-07 -5.528480053678537e-07 -4.3835082747588517e-07 -2.880233785861362e-07 -1.3726319504049196e-07 -3.6985789019222116e-08 -2.995406847007959e-09
0.0 0.0 0.0 0.0 0.0 0.0 0.0 0.0 0.0 -1.6306818470657138e-09 -2.3196723455095665e-08 -7.671978089054779e-08 -1.452198145200968e-07 -2.16090912187034e-07 -2.9046019407815333e-07 -3.6327744211147376e-07 -4.375813011909675e-07 -5.131997155038322e-07 -5.878586972797821e-07 -6.567159404949485e-07 -7.17287377410788e-07 -7.699671479279378e-07 -7.89247987119996e-07 -7.656929704440126e-07 -6.882095608571443e-07 -5.473765991046444e-07 -3.586082489017378e-07 -1.71993721150094e-07 -4.548327945027417e-08 -3.652364189683901e-09
0.0 0.0 0.0 0.0 0.0 0.0 0.0 0.0 0.0 0.0 -6.928179286992294e-10 -1.9233294622329134e-08 -7.837519149672692e-08 -1.6865859484758994e-07 -2.677092634912844e-07 -3.670456490741581e-07 -4.6736073184251586e-07 -5.716873113877669e-07 -6.718037195829441e-07 -7.664041399528857e-07 -8.560817617585637e-07 -9.302661791490603e-07 -9.634803912109088e-07 -9.434461495094321e-07 -8.525633078520679e-07 -6.764593726395572e-07 -4.4458817149920604e-07 -2.1208975620780318e-07 -5.6068944333222576e-08 -4.434385628952153e-09
0.0 0.0 0.0 0.0 0.0 0.0 0.0 0.0 0.0 0.0 0.0 -1.6757238169588057e-10 -1.4537440156034981e-08 -8.409296727561107e-08 -1.9525963802225595e-07 -3.272172003711324e-07 -4.5764520528658163e-07 -6.002222270372527e-07 -7.372124820118748e-07 -8.718573530753535e-07 -9.948958628974306e-07 -1.0960839738187943e-06 -1.1553597887178632e-06 -1.1438069833229368e-06 -1.0427700441943195e-06 -8.330342312752174e-07 -5.468965172732009e-07 -2.6100816718198694e-07 -6.859449646883205e-08 -5.393223701632697e-09
0.0 0.0 0.0 0.0 0.0 0.0 0.0 0.0 0.0 0.0 0.0 0.0 -1.5830214027801637e-245 -9.176085841610859e-09 -8.173885041741614e-08 -2.2304066583833465e-07 -3.9470289331453067e-07 -5.810601470853789e-07 -7.606917383289395e-07 -9.480946135753881e-07 -1.115782982575617e-06 -1.2612466309661815e-06 -1.3534733146910978e-06 -1.3596739960813471e-06 -1.2521239608569779e-06 -1.004705370380664e-06 -6.64024569199421e-07 -3.1714009331970556e-07 -8.355980698576768e-08 -6.507415543402921e-09
0.0 0.0 0.0 0.0 0.0 0.0 0.0 0.0 0.0 0.0 0.0 0.0 0.0 0.0 -4.739028460196001e-09 -7.406167263504728e-08 -2.4585532761708234e-07 -4.749036270552389e-07 -7.166269731439528e-07 -9.50957468653699e-07 -1.1963979242824065e-06 -1.3889714099965884e-06 -1.5388589211872832e-06 -1.5704176293640911e-06 -1.466718549179642e-06 -1.1999251224359766e-06 -7.985943073473925e-07 -3.8181312727359933e-07 -1.0024938338314786e-07 -7.770732013403848e-09
0.0 0.0 0.0 0.0 0.0 0.0 0.0 0.0 0.0 0.0 0.0 0.0 0.0 0.0 0.0 -2.1534117791035525e-09 -6.243361888885596e-08 -2.6083472134244273e-07 -5.592294165210869e-07 -8.788991051076412e-07 -1.1912164593824708e-06 -1.46846475721307e-06 -1.6963732905087715e-06 -1.7857027209424265e-06 -1.692226579175087e-06 -1.398753322158623e-06 -9.429129154368772e-07 -4.5349115776324644e-07 -1.1961244505837259e-07 -9.201108470402143e-09
0.0 0.0 0.0 0.0 0.0 0.0 0.0 0.0 0.0 0.0 0.0 0.0 0.0 0.0 0.0 0.0 -5.259671815239528e-10 -4.728824675210117e-08 -2.7265462722989686e-07 -6.39290080236131e-07 -1.052262649699016e-06 -1.4361194775249647e-06 -1.7550275197755428e-06 -1.93319019763078e-06 -1.8888762708352297e-06 -1.6005571379546926e-06 -1.0937940003129713e-06 -5.301413266897739e-07 -1.4010555791277346e-07 -1.0877877871753467e-08
0.0 0.0 0.0 0.0 0.0 0.0 0.0 0.0 0.0 0.0 0.0 0.0 0.0 0.0 0.0 0.0 0.0 -2.1077714187537756e-244 -3.039177568762806e-08 -2.6170152111157227e-07 -7.178665027311254e-07 -1.2247959622147558e-06 -1.6775539008449316e-06 -1.9592438297760193e-06 -2.021504480039235e-06 -1.7621033783661916e-06 -1.2251916132591797e-06 -6.040755827139499e-07 -1.6231475751463858e-07 -1.252265433740244e-08
0.0 0.0 0.0 0.0 0.0 0.0 0.0 0.0 0.0 0.0 0.0 0.0 0.0 0.0 0.0 0.0 0.0 0.0 0.0 -1.6649760040880182e-08 -2.304222135714343e-07 -7.534626973003373e-07 -1.3623673385901244e-06 -1.8387800128184085e-06 -2.018469246510946e-06 -1.829358085170145e-06 -1.3294231720083298e-06 -6.760218310353072e-07 -1.8186110620538122e-07 -1.4187657024492693e-08
0.0 0.0 0.0 0.0 0.0 0.0 0.0 0.0 0.0 0.0 0.0 0.0 0.0 0.0 0.0 0.0 0.0 0.0 0.0 0.0 -6.744762411157053e-09 -1.869329749633648e-07 -7.455450054341222e-07 -1.391628164162805e-06 -1.8214781885108684e-06 -1.8154021193799614e-06 -1.3647130823744803e-06 -7.202690389274737e-07 -1.9937337838106807e-07 -1.569882100681006e-08
0.0 0.0 0.0 0.0 0.0 0.0 0.0 0.0 0.0 0.0 0.0 0.0 0.0 0.0 0.0 0.0 0.0 0.0 0.0 0.0 0.0 -1.5325593688278501e-09 -1.2660273688194715e-07 -6.386816392120988e-07 -1.3118933614270694e-06 -1.5745503367337764e-06 -1.3144591407196787e-06 -7.253653243713398e-07 -2.0851315982019236e-07 -1.6838267690822596e-08
0.0 0.0 0.0 0.0 0.0 0.0 0.0 0.0 0.0 0.0 0.0 0.0 0.0 0.0 0.0 0.0 0.0 0.0 0.0 0.0 0.0 0.0 -8.355237557373361e-246 -6.893828162794988e-08 -5.084660132979545e-07 -1.022122158791503e-06 -1.0857418725894753e-06 -6.677281660143426e-07 -2.0754857849639826e-07 -1.7219002653046515e-08
0.0 0.0 0.0 0.0 0.0 0.0 0.0 0.0 0.0 0.0 0.0 0.0 0.0 0.0 0.0 0.0 0.0 0.0 0.0 0.0 0.0 0.0 0.0 0.0 -3.065425731653369e-08 -3.2152024537822485e-07 -6.383572953805468e-07 -5.256975236829389e-07 -1.8227214518341226e-07 -1.6513150003184968e-08
0.0 0.0 0.0 0.0 0.0 0.0 0.0 0.0 0.0 0.0 0.0 0.0 0.0 0.0 0.0 0.0 0.0 0.0 0.0 0.0 0.0 0.0 0.0 0.0 0.0 -8.191548423299734e-09 -1.4748380082341112e-07 -2.6903017043431075e-07 -1.3237941666457085e-07 -1.3852851189679857e-08
0.0 0.0 0.0 0.0 0.0 0.0 0.0 0.0 0.0 0.0 0.0 0.0 0.0 0.0 0.0 0.0 0.0 0.0 0.0 0.0 0.0 0.0 0.0 0.0 0.0 0.0 -1.0380808432781906e-09 -3.939081783000089e-08 -5.6124526401728744e-08 -8.922533535657257e-09
0.0 0.0 0.0 0.0 0.0 0.0 0.0 0.0 0.0 0.0 0.0 0.0 0.0 0.0 0.0 0.0 0.0 0.0 0.0 0.0 0.0 0.0 0.0 0.0 0.0 0.0 0.0 -1.8107857899223552e-243 -3.983761109949109e-09 -2.6338203615386327e-09
0.0 0.0 0.0 0.0 0.0 0.0 0.0 0.0 0.0 0.0 0.0 0.0 0.0 0.0 0.0 0.0 0.0 0.0 0.0 0.0 0.0 0.0 0.0 0.0 0.0 0.0 0.0 0.0 0.0 -4.063624755758241e-11
