xbins=30
Q2bins=24
Ebins=1
id	x	Q2	E	Central_Value	Replica_1	Replica_2	Replica_3	Replica_4	Replica_5	Replica_6	Replica_7	Replica_8
0	0	0	0	2.255347e-01	1.128000e-04	4.971500e-04	1.000710e-02	5.256600e-03	1.175175e-02	1.229640e-02	8.065300e-03	3.016900e-03
1	0	1	0	2.227436e-01	1.178500e-04	4.778500e-04	9.871150e-03	5.083300e-03	1.151780e-02	1.206090e-02	7.855350e-03	2.988100e-03
2	0	2	0	2.199756e-01	1.198500e-04	4.713500e-04	9.744300e-03	4.924800e-03	1.129140e-02	1.183725e-02	7.654100e-03	2.958300e-03
3	0	3	0	2.172879e-01	1.198500e-04	4.741000e-04	9.628650e-03	4.779700e-03	1.107855e-02	1.162800e-02	7.469100e-03	2.923750e-03
4	0	4	0	2.146527e-01	1.257500e-04	4.635500e-04	9.508700e-03	4.635400e-03	1.088275e-02	1.142425e-02	7.294550e-03	2.885950e-03
5	0	5	0	2.120713e-01	1.324000e-04	4.499000e-04	9.390800e-03	4.497250e-03	1.069560e-02	1.122770e-02	7.123500e-03	2.851000e-03
6	0	6	0	2.095512e-01	1.343000e-04	4.447000e-04	9.280150e-03	4.373900e-03	1.050980e-02	1.104005e-02	6.953050e-03	2.821950e-03
7	0	7	0	2.070807e-01	1.336000e-04	4.432500e-04	9.168150e-03	4.267450e-03	1.032835e-02	1.085630e-02	6.791000e-03	2.791650e-03
8	0	8	0	2.046604e-01	1.318500e-04	4.396000e-04	9.057150e-03	4.167850e-03	1.015610e-02	1.067680e-02	6.636600e-03	2.760500e-03
9	0	9	0	2.022936e-01	1.304000e-04	4.289000e-04	8.953600e-03	4.060400e-03	9.997100e-03	1.050435e-02	6.484650e-03	2.731900e-03
10	0	10	0	2.000057e-01	1.295000e-04	4.180500e-04	8.854950e-03	3.952350e-03	9.847500e-03	1.034110e-02	6.338450e-03	2.704200e-03
11	0	11	0	1.977422e-01	1.291000e-04	4.175500e-04	8.752150e-03	3.854050e-03	9.694150e-03	1.018180e-02	6.197700e-03	2.673550e-03
12	0	12	0	1.955412e-01	1.282500e-04	4.202500e-04	8.650050e-03	3.766400e-03	9.544650e-03	1.002715e-02	6.065150e-03	2.643300e-03
13	0	13	0	1.933886e-01	1.254500e-04	4.128000e-04	8.554150e-03	3.683100e-03	9.406900e-03	9.873600e-03	5.938800e-03	2.617500e-03
14	0	14	0	1.913153e-01	1.219000e-04	3.999000e-04	8.463950e-03	3.603050e-03	9.278700e-03	9.727300e-03	5.818650e-03	2.592650e-03
15	0	15	0	1.892531e-01	1.198000e-04	3.937500e-04	8.371600e-03	3.520400e-03	9.145800e-03	9.590250e-03	5.697450e-03	2.561050e-03
16	0	16	0	1.872379e-01	1.189000e-04	3.932000e-04	8.280500e-03	3.440850e-03	9.013000e-03	9.462100e-03	5.579100e-03	2.530250e-03
17	0	17	0	1.852843e-01	1.180000e-04	3.932000e-04	8.194700e-03	3.371350e-03	8.887700e-03	9.336650e-03	5.467850e-03	2.510850e-03
18	0	18	0	1.834026e-01	1.169500e-04	3.912000e-04	8.113500e-03	3.310900e-03	8.771500e-03	9.212200e-03	5.365000e-03	2.496950e-03
19	0	19	0	1.815283e-01	1.160000e-04	3.846500e-04	8.031400e-03	3.251350e-03	8.659650e-03	9.083050e-03	5.266050e-03	2.475800e-03
20	0	20	0	1.796969e-01	1.169500e-04	3.770500e-04	7.948700e-03	3.189850e-03	8.551500e-03	8.956800e-03	5.170250e-03	2.450200e-03
21	0	21	0	1.779088e-01	1.214500e-04	3.739500e-04	7.865700e-03	3.122200e-03	8.442600e-03	8.841400e-03	5.073100e-03	2.426700e-03
22	0	22	0	1.761919e-01	1.255000e-04	3.729000e-04	7.789900e-03	3.054950e-03	8.337700e-03	8.734850e-03	4.976300e-03	2.404500e-03
23	0	23	0	1.744883e-01	1.223000e-04	3.680000e-04	7.726800e-03	2.997250e-03	8.238250e-03	8.624450e-03	4.879550e-03	2.379950e-03
24	1	0	0	2.255347e-01	1.128000e-04	4.971500e-04	1.000710e-02	5.256600e-03	1.175175e-02	1.229640e-02	8.065300e-03	3.016900e-03
25	1	1	0	2.227436e-01	1.178500e-04	4.778500e-04	9.871150e-03	5.083300e-03	1.151780e-02	1.206090e-02	7.855350e-03	2.988100e-03
26	1	2	0	2.199756e-01	1.198500e-04	4.713500e-04	9.744300e-03	4.924800e-03	1.129140e-02	1.183725e-02	7.654100e-03	2.958300e-03
27	1	3	0	2.172879e-01	1.198500e-04	4.741000e-04	9.628650e-03	4.779700e-03	1.107855e-02	1.162800e-02	7.469100e-03	2.923750e-03
28	1	4	0	2.146527e-01	1.257500e-04	4.635500e-04	9.508700e-03	4.635400e-03	1.088275e-02	1.142425e-02	7.294550e-03	2.885950e-03
29	1	5	0	2.120713e-01	1.324000e-04	4.499000e-04	9.390800e-03	4.497250e-03	1.069560e-02	1.122770e-02	7.123500e-03	2.851000e-03
30	1	6	0	2.095512e-01	1.343000e-04	4.447000e-04	9.280150e-03	4.373900e-03	1.050980e-02	1.104005e-02	6.953050e-03	2.821950e-03
31	1	7	0	2.070807e-01	1.336000e-04	4.432500e-04	9.168150e-03	4.267450e-03	1.032835e-02	1.085630e-02	6.791000e-03	2.791650e-03
32	1	8	0	2.046604e-01	1.318500e-04	4.396000e-04	9.057150e-03	4.167850e-03	1.015610e-02	1.067680e-02	6.636600e-03	2.760500e-03
33	1	9	0	2.022936e-01	1.304000e-04	4.289000e-04	8.953600e-03	4.060400e-03	9.997100e-03	1.050435e-02	6.484650e-03	2.731900e-03
34	1	10	0	2.000057e-01	1.295000e-04	4.180500e-04	8.854950e-03	3.952350e-03	9.847500e-03	1.034110e-02	6.338450e-03	2.704200e-03
35	1	11	0	1.977422e-01	1.291000e-04	4.175500e-04	8.752150e-03	3.854050e-03	9.694150e-03	1.018180e-02	6.197700e-03	2.673550e-03
36	1	12	0	1.955412e-01	1.282500e-04	4.202500e-04	8.650050e-03	3.766400e-03	9.544650e-03	1.002715e-02	6.065150e-03	2.643300e-03
37	1	13	0	1.933886e-01	1.254500e-04	4.128000e-04	8.554150e-03	3.683100e-03	9.406900e-03	9.873600e-03	5.938800e-03	2.617500e-03
38	1	14	0	1.913153e-01	1.219000e-04	3.999000e-04	8.463950e-03	3.603050e-03	9.278700e-03	9.727300e-03	5.818650e-03	2.592650e-03
39	1	15	0	1.892531e-01	1.198000e-04	3.937500e-04	8.371600e-03	3.520400e-03	9.145800e-03	9.590250e-03	5.697450e-03	2.561050e-03
40	1	16	0	1.872379e-01	1.189000e-04	3.932000e-04	8.280500e-03	3.440850e-03	9.013000e-03	9.462100e-03	5.579100e-03	2.530250e-03
41	1	17	0	1.852843e-01	1.180000e-04	3.932000e-04	8.194700e-03	3.371350e-03	8.887700e-03	9.336650e-03	5.467850e-03	2.510850e-03
42	1	18	0	1.834026e-01	1.169500e-04	3.912000e-04	8.113500e-03	3.310900e-03	8.771500e-03	9.212200e-03	5.365000e-03	2.496950e-03
43	1	19	0	1.815283e-01	1.160000e-04	3.846500e-04	8.031400e-03	3.251350e-03	8.659650e-03	9.083050e-03	5.266050e-03	2.475800e-03
44	1	20	0	1.796969e-01	1.169500e-04	3.770500e-04	7.948700e-03	3.189850e-03	8.551500e-03	8.956800e-03	5.170250e-03	2.450200e-03
45	1	21	0	1.779088e-01	1.214500e-04	3.739500e-04	7.865700e-03	3.122200e-03	8.442600e-03	8.841400e-03	5.073100e-03	2.426700e-03
46	1	22	0	1.761919e-01	1.255000e-04	3.729000e-04	7.789900e-03	3.054950e-03	8.337700e-03	8.734850e-03	4.976300e-03	2.404500e-03
47	1	23	0	1.744883e-01	1.223000e-04	3.680000e-04	7.726800e-03	2.997250e-03	8.238250e-03	8.624450e-03	4.879550e-03	2.379950e-03
48	2	0	0	2.255347e-01	1.128000e-04	4.971500e-04	1.000710e-02	5.256600e-03	1.175175e-02	1.229640e-02	8.065300e-03	3.016900e-03
49	2	1	0	2.227436e-01	1.178500e-04	4.778500e-04	9.871150e-03	5.083300e-03	1.151780e-02	1.206090e-02	7.855350e-03	2.988100e-03
50	2	2	0	2.199756e-01	1.198500e-04	4.713500e-04	9.744300e-03	4.924800e-03	1.129140e-02	1.183725e-02	7.654100e-03	2.958300e-03
51	2	3	0	2.172879e-01	1.198500e-04	4.741000e-04	9.628650e-03	4.779700e-03	1.107855e-02	1.162800e-02	7.469100e-03	2.923750e-03
52	2	4	0	2.146527e-01	1.257500e-04	4.635500e-04	9.508700e-03	4.635400e-03	1.088275e-02	1.142425e-02	7.294550e-03	2.885950e-03
53	2	5	0	2.120713e-01	1.324000e-04	4.499000e-04	9.390800e-03	4.497250e-03	1.069560e-02	1.122770e-02	7.123500e-03	2.851000e-03
54	2	6	0	2.095512e-01	1.343000e-04	4.447000e-04	9.280150e-03	4.373900e-03	1.050980e-02	1.104005e-02	6.953050e-03	2.821950e-03
55	2	7	0	2.070807e-01	1.336000e-04	4.432500e-04	9.168150e-03	4.267450e-03	1.032835e-02	1.085630e-02	6.791000e-03	2.791650e-03
56	2	8	0	2.046604e-01	1.318500e-04	4.396000e-04	9.057150e-03	4.167850e-03	1.015610e-02	1.067680e-02	6.636600e-03	2.760500e-03
57	2	9	0	2.022936e-01	1.304000e-04	4.289000e-04	8.953600e-03	4.060400e-03	9.997100e-03	1.050435e-02	6.484650e-03	2.731900e-03
58	2	10	0	2.000057e-01	1.295000e-04	4.180500e-04	8.854950e-03	3.952350e-03	9.847500e-03	1.034110e-02	6.338450e-03	2.704200e-03
59	2	11	0	1.977422e-01	1.291000e-04	4.175500e-04	8.752150e-03	3.854050e-03	9.694150e-03	1.018180e-02	6.197700e-03	2.673550e-03
60	2	12	0	1.955412e-01	1.282500e-04	4.202500e-04	8.650050e-03	3.766400e-03	9.544650e-03	1.002715e-02	6.065150e-03	2.643300e-03
61	2	13	0	1.933886e-01	1.254500e-04	4.128000e-04	8.554150e-03	3.683100e-03	9.406900e-03	9.873600e-03	5.938800e-03	2.617500e-03
62	2	14	0	1.913153e-01	1.219000e-04	3.999000e-04	8.463950e-03	3.603050e-03	9.278700e-03	9.727300e-03	5.818650e-03	2.592650e-03
63	2	15	0	1.892531e-01	1.198000e-04	3.937500e-04	8.371600e-03	3.520400e-03	9.145800e-03	9.590250e-03	5.697450e-03	2.561050e-03
64	2	16	0	1.872379e-01	1.189000e-04	3.932000e-04	8.280500e-03	3.440850e-03	9.013000e-03	9.462100e-03	5.579100e-03	2.530250e-03
65	2	17	0	1.852843e-01	1.180000e-04	3.932000e-04	8.194700e-03	3.371350e-03	8.887700e-03	9.336650e-03	5.467850e-03	2.510850e-03
66	2	18	0	1.834026e-01	1.169500e-04	3.912000e-04	8.113500e-03	3.310900e-03	8.771500e-03	9.212200e-03	5.365000e-03	2.496950e-03
67	2	19	0	1.815283e-01	1.160000e-04	3.846500e-04	8.031400e-03	3.251350e-03	8.659650e-03	9.083050e-03	5.266050e-03	2.475800e-03
68	2	20	0	1.796969e-01	1.169500e-04	3.770500e-04	7.948700e-03	3.189850e-03	8.551500e-03	8.956800e-03	5.170250e-03	2.450200e-03
69	2	21	0	1.779088e-01	1.214500e-04	3.739500e-04	7.865700e-03	3.122200e-03	8.442600e-03	8.841400e-03	5.073100e-03	2.426700e-03
70	2	22	0	1.761919e-01	1.255000e-04	3.729000e-04	7.789900e-03	3.054950e-03	8.337700e-03	8.734850e-03	4.976300e-03	2.404500e-03
71	2	23	0	1.744883e-01	1.223000e-04	3.680000e-04	7.726800e-03	2.997250e-03	8.238250e-03	8.624450e-03	4.879550e-03	2.379950e-03
72	3	0	0	2.255347e-01	1.128000e-04	4.971500e-04	1.000710e-02	5.256600e-03	1.175175e-02	1.229640e-02	8.065300e-03	3.016900e-03
73	3	1	0	2.227436e-01	1.178500e-04	4.778500e-04	9.871150e-03	5.083300e-03	1.151780e-02	1.206090e-02	7.855350e-03	2.988100e-03
74	3	2	0	2.199756e-01	1.198500e-04	4.713500e-04	9.744300e-03	4.924800e-03	1.129140e-02	1.183725e-02	7.654100e-03	2.958300e-03
75	3	3	0	2.172879e-01	1.198500e-04	4.741000e-04	9.628650e-03	4.779700e-03	1.107855e-02	1.162800e-02	7.469100e-03	2.923750e-03
76	3	4	0	2.146527e-01	1.257500e-04	4.635500e-04	9.508700e-03	4.635400e-03	1.088275e-02	1.142425e-02	7.294550e-03	2.885950e-03
77	3	5	0	2.120713e-01	1.324000e-04	4.499000e-04	9.390800e-03	4.497250e-03	1.069560e-02	1.122770e-02	7.123500e-03	2.851000e-03
78	3	6	0	2.095512e-01	1.343000e-04	4.447000e-04	9.280150e-03	4.373900e-03	1.050980e-02	1.104005e-02	6.953050e-03	2.821950e-03
79	3	7	0	2.070807e-01	1.336000e-04	4.432500e-04	9.168150e-03	4.267450e-03	1.032835e-02	1.085630e-02	6.791000e-03	2.791650e-03
80	3	8	0	2.046604e-01	1.318500e-04	4.396000e-04	9.057150e-03	4.167850e-03	1.015610e-02	1.067680e-02	6.636600e-03	2.760500e-03
81	3	9	0	2.022936e-01	1.304000e-04	4.289000e-04	8.953600e-03	4.060400e-03	9.997100e-03	1.050435e-02	6.484650e-03	2.731900e-03
82	3	10	0	2.000057e-01	1.295000e-04	4.180500e-04	8.854950e-03	3.952350e-03	9.847500e-03	1.034110e-02	6.338450e-03	2.704200e-03
83	3	11	0	1.977422e-01	1.291000e-04	4.175500e-04	8.752150e-03	3.854050e-03	9.694150e-03	1.018180e-02	6.197700e-03	2.673550e-03
84	3	12	0	1.955412e-01	1.282500e-04	4.202500e-04	8.650050e-03	3.766400e-03	9.544650e-03	1.002715e-02	6.065150e-03	2.643300e-03
85	3	13	0	1.933886e-01	1.254500e-04	4.128000e-04	8.554150e-03	3.683100e-03	9.406900e-03	9.873600e-03	5.938800e-03	2.617500e-03
86	3	14	0	1.913153e-01	1.219000e-04	3.999000e-04	8.463950e-03	3.603050e-03	9.278700e-03	9.727300e-03	5.818650e-03	2.592650e-03
87	3	15	0	1.892531e-01	1.198000e-04	3.937500e-04	8.371600e-03	3.520400e-03	9.145800e-03	9.590250e-03	5.697450e-03	2.561050e-03
88	3	16	0	1.872379e-01	1.189000e-04	3.932000e-04	8.280500e-03	3.440850e-03	9.013000e-03	9.462100e-03	5.579100e-03	2.530250e-03
89	3	17	0	1.852843e-01	1.180000e-04	3.932000e-04	8.194700e-03	3.371350e-03	8.887700e-03	9.336650e-03	5.467850e-03	2.510850e-03
90	3	18	0	1.834026e-01	1.169500e-04	3.912000e-04	8.113500e-03	3.310900e-03	8.771500e-03	9.212200e-03	5.365000e-03	2.496950e-03
91	3	19	0	1.815283e-01	1.160000e-04	3.846500e-04	8.031400e-03	3.251350e-03	8.659650e-03	9.083050e-03	5.266050e-03	2.475800e-03
92	3	20	0	1.796969e-01	1.169500e-04	3.770500e-04	7.948700e-03	3.189850e-03	8.551500e-03	8.956800e-03	5.170250e-03	2.450200e-03
93	3	21	0	1.779088e-01	1.214500e-04	3.739500e-04	7.865700e-03	3.122200e-03	8.442600e-03	8.841400e-03	5.073100e-03	2.426700e-03
94	3	22	0	1.761919e-01	1.255000e-04	3.729000e-04	7.789900e-03	3.054950e-03	8.337700e-03	8.734850e-03	4.976300e-03	2.404500e-03
95	3	23	0	1.744883e-01	1.223000e-04	3.680000e-04	7.726800e-03	2.997250e-03	8.238250e-03	8.624450e-03	4.879550e-03	2.379950e-03
96	4	0	0	2.255347e-01	1.128000e-04	4.971500e-04	1.000710e-02	5.256600e-03	1.175175e-02	1.229640e-02	8.065300e-03	3.016900e-03
97	4	1	0	2.227436e-01	1.178500e-04	4.778500e-04	9.871150e-03	5.083300e-03	1.151780e-02	1.206090e-02	7.855350e-03	2.988100e-03
98	4	2	0	2.199756e-01	1.198500e-04	4.713500e-04	9.744300e-03	4.924800e-03	1.129140e-02	1.183725e-02	7.654100e-03	2.958300e-03
99	4	3	0	2.172879e-01	1.198500e-04	4.741000e-04	9.628650e-03	4.779700e-03	1.107855e-02	1.162800e-02	7.469100e-03	2.923750e-03
100	4	4	0	2.146527e-01	1.257500e-04	4.635500e-04	9.508700e-03	4.635400e-03	1.088275e-02	1.142425e-02	7.294550e-03	2.885950e-03
101	4	5	0	2.120713e-01	1.324000e-04	4.499000e-04	9.390800e-03	4.497250e-03	1.069560e-02	1.122770e-02	7.123500e-03	2.851000e-03
102	4	6	0	2.095512e-01	1.343000e-04	4.447000e-04	9.280150e-03	4.373900e-03	1.050980e-02	1.104005e-02	6.953050e-03	2.821950e-03
103	4	7	0	2.070807e-01	1.336000e-04	4.432500e-04	9.168150e-03	4.267450e-03	1.032835e-02	1.085630e-02	6.791000e-03	2.791650e-03
104	4	8	0	2.046604e-01	1.318500e-04	4.396000e-04	9.057150e-03	4.167850e-03	1.015610e-02	1.067680e-02	6.636600e-03	2.760500e-03
105	4	9	0	2.022936e-01	1.304000e-04	4.289000e-04	8.953600e-03	4.060400e-03	9.997100e-03	1.050435e-02	6.484650e-03	2.731900e-03
106	4	10	0	2.000057e-01	1.295000e-04	4.180500e-04	8.854950e-03	3.952350e-03	9.847500e-03	1.034110e-02	6.338450e-03	2.704200e-03
107	4	11	0	1.977422e-01	1.291000e-04	4.175500e-04	8.752150e-03	3.854050e-03	9.694150e-03	1.018180e-02	6.197700e-03	2.673550e-03
108	4	12	0	1.955412e-01	1.282500e-04	4.202500e-04	8.650050e-03	3.766400e-03	9.544650e-03	1.002715e-02	6.065150e-03	2.643300e-03
109	4	13	0	1.933886e-01	1.254500e-04	4.128000e-04	8.554150e-03	3.683100e-03	9.406900e-03	9.873600e-03	5.938800e-03	2.617500e-03
110	4	14	0	1.913153e-01	1.219000e-04	3.999000e-04	8.463950e-03	3.603050e-03	9.278700e-03	9.727300e-03	5.818650e-03	2.592650e-03
111	4	15	0	1.892531e-01	1.198000e-04	3.937500e-04	8.371600e-03	3.520400e-03	9.145800e-03	9.590250e-03	5.697450e-03	2.561050e-03
112	4	16	0	1.872379e-01	1.189000e-04	3.932000e-04	8.280500e-03	3.440850e-03	9.013000e-03	9.462100e-03	5.579100e-03	2.530250e-03
113	4	17	0	1.852843e-01	1.180000e-04	3.932000e-04	8.194700e-03	3.371350e-03	8.887700e-03	9.336650e-03	5.467850e-03	2.510850e-03
114	4	18	0	1.834026e-01	1.169500e-04	3.912000e-04	8.113500e-03	3.310900e-03	8.771500e-03	9.212200e-03	5.365000e-03	2.496950e-03
115	4	19	0	1.815283e-01	1.160000e-04	3.846500e-04	8.031400e-03	3.251350e-03	8.659650e-03	9.083050e-03	5.266050e-03	2.475800e-03
116	4	20	0	1.796969e-01	1.169500e-04	3.770500e-04	7.948700e-03	3.189850e-03	8.551500e-03	8.956800e-03	5.170250e-03	2.450200e-03
117	4	21	0	1.779088e-01	1.214500e-04	3.739500e-04	7.865700e-03	3.122200e-03	8.442600e-03	8.841400e-03	5.073100e-03	2.426700e-03
118	4	22	0	1.761919e-01	1.255000e-04	3.729000e-04	7.789900e-03	3.054950e-03	8.337700e-03	8.734850e-03	4.976300e-03	2.404500e-03
119	4	23	0	1.744883e-01	1.223000e-04	3.680000e-04	7.726800e-03	2.997250e-03	8.238250e-03	8.624450e-03	4.879550e-03	2.379950e-03
120	5	0	0	2.255347e-01	1.128000e-04	4.971500e-04	1.000710e-02	5.256600e-03	1.175175e-02	1.229640e-02	8.065300e-03	3.016900e-03
121	5	1	0	2.227436e-01	1.178500e-04	4.778500e-04	9.871150e-03	5.083300e-03	1.151780e-02	1.206090e-02	7.855350e-03	2.988100e-03
122	5	2	0	2.199756e-01	1.198500e-04	4.713500e-04	9.744300e-03	4.924800e-03	1.129140e-02	1.183725e-02	7.654100e-03	2.958300e-03
123	5	3	0	2.172879e-01	1.198500e-04	4.741000e-04	9.628650e-03	4.779700e-03	1.107855e-02	1.162800e-02	7.469100e-03	2.923750e-03
124	5	4	0	2.146527e-01	1.257500e-04	4.635500e-04	9.508700e-03	4.635400e-03	1.088275e-02	1.142425e-02	7.294550e-03	2.885950e-03
125	5	5	0	2.120713e-01	1.324000e-04	4.499000e-04	9.390800e-03	4.497250e-03	1.069560e-02	1.122770e-02	7.123500e-03	2.851000e-03
126	5	6	0	2.095512e-01	1.343000e-04	4.447000e-04	9.280150e-03	4.373900e-03	1.050980e-02	1.104005e-02	6.953050e-03	2.821950e-03
127	5	7	0	2.070807e-01	1.336000e-04	4.432500e-04	9.168150e-03	4.267450e-03	1.032835e-02	1.085630e-02	6.791000e-03	2.791650e-03
128	5	8	0	2.046604e-01	1.318500e-04	4.396000e-04	9.057150e-03	4.167850e-03	1.015610e-02	1.067680e-02	6.636600e-03	2.760500e-03
129	5	9	0	2.022936e-01	1.304000e-04	4.289000e-04	8.953600e-03	4.060400e-03	9.997100e-03	1.050435e-02	6.484650e-03	2.731900e-03
130	5	10	0	2.000057e-01	1.295000e-04	4.180500e-04	8.854950e-03	3.952350e-03	9.847500e-03	1.034110e-02	6.338450e-03	2.704200e-03
131	5	11	0	1.977422e-01	1.291000e-04	4.175500e-04	8.752150e-03	3.854050e-03	9.694150e-03	1.018180e-02	6.197700e-03	2.673550e-03
132	5	12	0	1.955412e-01	1.282500e-04	4.202500e-04	8.650050e-03	3.766400e-03	9.544650e-03	1.002715e-02	6.065150e-03	2.643300e-03
133	5	13	0	1.933886e-01	1.254500e-04	4.128000e-04	8.554150e-03	3.683100e-03	9.406900e-03	9.873600e-03	5.938800e-03	2.617500e-03
134	5	14	0	1.913153e-01	1.219000e-04	3.999000e-04	8.463950e-03	3.603050e-03	9.278700e-03	9.727300e-03	5.818650e-03	2.592650e-03
135	5	15	0	1.892531e-01	1.198000e-04	3.937500e-04	8.371600e-03	3.520400e-03	9.145800e-03	9.590250e-03	5.697450e-03	2.561050e-03
136	5	16	0	1.872379e-01	1.189000e-04	3.932000e-04	8.280500e-03	3.440850e-03	9.013000e-03	9.462100e-03	5.579100e-03	2.530250e-03
137	5	17	0	1.852843e-01	1.180000e-04	3.932000e-04	8.194700e-03	3.371350e-03	8.887700e-03	9.336650e-03	5.467850e-03	2.510850e-03
138	5	18	0	1.834026e-01	1.169500e-04	3.912000e-04	8.113500e-03	3.310900e-03	8.771500e-03	9.212200e-03	5.365000e-03	2.496950e-03
139	5	19	0	1.815283e-01	1.160000e-04	3.846500e-04	8.031400e-03	3.251350e-03	8.659650e-03	9.083050e-03	5.266050e-03	2.475800e-03
140	5	20	0	1.796969e-01	1.169500e-04	3.770500e-04	7.948700e-03	3.189850e-03	8.551500e-03	8.956800e-03	5.170250e-03	2.450200e-03
141	5	21	0	1.779088e-01	1.214500e-04	3.739500e-04	7.865700e-03	3.122200e-03	8.442600e-03	8.841400e-03	5.073100e-03	2.426700e-03
142	5	22	0	1.761919e-01	1.255000e-04	3.729000e-04	7.789900e-03	3.054950e-03	8.337700e-03	8.734850e-03	4.976300e-03	2.404500e-03
143	5	23	0	1.744883e-01	1.223000e-04	3.680000e-04	7.726800e-03	2.997250e-03	8.238250e-03	8.624450e-03	4.879550e-03	2.379950e-03
144	6	0	0	2.255347e-01	1.128000e-04	4.971500e-04	1.000710e-02	5.256600e-03	1.175175e-02	1.229640e-02	8.065300e-03	3.016900e-03
145	6	1	0	2.227436e-01	1.178500e-04	4.778500e-04	9.871150e-03	5.083300e-03	1.151780e-02	1.206090e-02	7.855350e-03	2.988100e-03
146	6	2	0	2.199756e-01	1.198500e-04	4.713500e-04	9.744300e-03	4.924800e-03	1.129140e-02	1.183725e-02	7.654100e-03	2.958300e-03
147	6	3	0	2.172879e-01	1.198500e-04	4.741000e-04	9.628650e-03	4.779700e-03	1.107855e-02	1.162800e-02	7.469100e-03	2.923750e-03
148	6	4	0	2.146527e-01	1.257500e-04	4.635500e-04	9.508700e-03	4.635400e-03	1.088275e-02	1.142425e-02	7.294550e-03	2.885950e-03
149	6	5	0	2.120713e-01	1.324000e-04	4.499000e-04	9.390800e-03	4.497250e-03	1.069560e-02	1.122770e-02	7.123500e-03	2.851000e-03
150	6	6	0	2.095512e-01	1.343000e-04	4.447000e-04	9.280150e-03	4.373900e-03	1.050980e-02	1.104005e-02	6.953050e-03	2.821950e-03
151	6	7	0	2.070807e-01	1.336000e-04	4.432500e-04	9.168150e-03	4.267450e-03	1.032835e-02	1.085630e-02	6.791000e-03	2.791650e-03
152	6	8	0	2.046604e-01	1.318500e-04	4.396000e-04	9.057150e-03	4.167850e-03	1.015610e-02	1.067680e-02	6.636600e-03	2.760500e-03
153	6	9	0	2.022936e-01	1.304000e-04	4.289000e-04	8.953600e-03	4.060400e-03	9.997100e-03	1.050435e-02	6.484650e-03	2.731900e-03
154	6	10	0	2.000057e-01	1.295000e-04	4.180500e-04	8.854950e-03	3.952350e-03	9.847500e-03	1.034110e-02	6.338450e-03	2.704200e-03
155	6	11	0	1.977422e-01	1.291000e-04	4.175500e-04	8.752150e-03	3.854050e-03	9.694150e-03	1.018180e-02	6.197700e-03	2.673550e-03
156	6	12	0	1.955412e-01	1.282500e-04	4.202500e-04	8.650050e-03	3.766400e-03	9.544650e-03	1.002715e-02	6.065150e-03	2.643300e-03
157	6	13	0	1.933886e-01	1.254500e-04	4.128000e-04	8.554150e-03	3.683100e-03	9.406900e-03	9.873600e-03	5.938800e-03	2.617500e-03
158	6	14	0	1.913153e-01	1.219000e-04	3.999000e-04	8.463950e-03	3.603050e-03	9.278700e-03	9.727300e-03	5.818650e-03	2.592650e-03
159	6	15	0	1.892531e-01	1.198000e-04	3.937500e-04	8.371600e-03	3.520400e-03	9.145800e-03	9.590250e-03	5.697450e-03	2.561050e-03
160	6	16	0	1.872379e-01	1.189000e-04	3.932000e-04	8.280500e-03	3.440850e-03	9.013000e-03	9.462100e-03	5.579100e-03	2.530250e-03
161	6	17	0	1.852843e-01	1.180000e-04	3.932000e-04	8.194700e-03	3.371350e-03	8.887700e-03	9.336650e-03	5.467850e-03	2.510850e-03
162	6	18	0	1.834026e-01	1.169500e-04	3.912000e-04	8.113500e-03	3.310900e-03	8.771500e-03	9.212200e-03	5.365000e-03	2.496950e-03
163	6	19	0	1.815283e-01	1.160000e-04	3.846500e-04	8.031400e-03	3.251350e-03	8.659650e-03	9.083050e-03	5.266050e-03	2.475800e-03
164	6	20	0	1.796969e-01	1.169500e-04	3.770500e-04	7.948700e-03	3.189850e-03	8.551500e-03	8.956800e-03	5.170250e-03	2.450200e-03
165	6	21	0	1.779088e-01	1.214500e-04	3.739500e-04	7.865700e-03	3.122200e-03	8.442600e-03	8.841400e-03	5.073100e-03	2.426700e-03
166	6	22	0	1.761919e-01	1.255000e-04	3.729000e-04	7.789900e-03	3.054950e-03	8.337700e-03	8.734850e-03	4.976300e-03	2.404500e-03
167	6	23	0	1.744883e-01	1.223000e-04	3.680000e-04	7.726800e-03	2.997250e-03	8.238250e-03	8.624450e-03	4.879550e-03	2.379950e-03
168	7	0	0	2.255347e-01	1.128000e-04	4.971500e-04	1.000710e-02	5.256600e-03	1.175175e-02	1.229640e-02	8.065300e-03	3.016900e-03
169	7	1	0	2.227436e-01	1.178500e-04	4.778500e-04	9.871150e-03	5.083300e-03	1.151780e-02	1.206090e-02	7.855350e-03	2.988100e-03
170	7	2	0	2.199756e-01	1.198500e-04	4.713500e-04	9.744300e-03	4.924800e-03	1.129140e-02	1.183725e-02	7.654100e-03	2.958300e-03
171	7	3	0	2.172879e-01	1.198500e-04	4.741000e-04	9.628650e-03	4.779700e-03	1.107855e-02	1.162800e-02	7.469100e-03	2.923750e-03
172	7	4	0	2.146527e-01	1.257500e-04	4.635500e-04	9.508700e-03	4.635400e-03	1.088275e-02	1.142425e-02	7.294550e-03	2.885950e-03
173	7	5	0	2.120713e-01	1.324000e-04	4.499000e-04	9.390800e-03	4.497250e-03	1.069560e-02	1.122770e-02	7.123500e-03	2.851000e-03
174	7	6	0	2.095512e-01	1.343000e-04	4.447000e-04	9.280150e-03	4.373900e-03	1.050980e-02	1.104005e-02	6.953050e-03	2.821950e-03
175	7	7	0	2.070807e-01	1.336000e-04	4.432500e-04	9.168150e-03	4.267450e-03	1.032835e-02	1.085630e-02	6.791000e-03	2.791650e-03
176	7	8	0	2.046604e-01	1.318500e-04	4.396000e-04	9.057150e-03	4.167850e-03	1.015610e-02	1.067680e-02	6.636600e-03	2.760500e-03
177	7	9	0	2.022936e-01	1.304000e-04	4.289000e-04	8.953600e-03	4.060400e-03	9.997100e-03	1.050435e-02	6.484650e-03	2.731900e-03
178	7	10	0	2.000057e-01	1.295000e-04	4.180500e-04	8.854950e-03	3.952350e-03	9.847500e-03	1.034110e-02	6.338450e-03	2.704200e-03
179	7	11	0	1.977422e-01	1.291000e-04	4.175500e-04	8.752150e-03	3.854050e-03	9.694150e-03	1.018180e-02	6.197700e-03	2.673550e-03
180	7	12	0	1.955412e-01	1.282500e-04	4.202500e-04	8.650050e-03	3.766400e-03	9.544650e-03	1.002715e-02	6.065150e-03	2.643300e-03
181	7	13	0	1.933886e-01	1.254500e-04	4.128000e-04	8.554150e-03	3.683100e-03	9.406900e-03	9.873600e-03	5.938800e-03	2.617500e-03
182	7	14	0	1.913153e-01	1.219000e-04	3.999000e-04	8.463950e-03	3.603050e-03	9.278700e-03	9.727300e-03	5.818650e-03	2.592650e-03
183	7	15	0	1.892531e-01	1.198000e-04	3.937500e-04	8.371600e-03	3.520400e-03	9.145800e-03	9.590250e-03	5.697450e-03	2.561050e-03
184	7	16	0	1.872379e-01	1.189000e-04	3.932000e-04	8.280500e-03	3.440850e-03	9.013000e-03	9.462100e-03	5.579100e-03	2.530250e-03
185	7	17	0	1.852843e-01	1.180000e-04	3.932000e-04	8.194700e-03	3.371350e-03	8.887700e-03	9.336650e-03	5.467850e-03	2.510850e-03
186	7	18	0	1.834026e-01	1.169500e-04	3.912000e-04	8.113500e-03	3.310900e-03	8.771500e-03	9.212200e-03	5.365000e-03	2.496950e-03
187	7	19	0	1.815283e-01	1.160000e-04	3.846500e-04	8.031400e-03	3.251350e-03	8.659650e-03	9.083050e-03	5.266050e-03	2.475800e-03
188	7	20	0	1.796969e-01	1.169500e-04	3.770500e-04	7.948700e-03	3.189850e-03	8.551500e-03	8.956800e-03	5.170250e-03	2.450200e-03
189	7	21	0	1.779088e-01	1.214500e-04	3.739500e-04	7.865700e-03	3.122200e-03	8.442600e-03	8.841400e-03	5.073100e-03	2.426700e-03
190	7	22	0	1.761919e-01	1.255000e-04	3.729000e-04	7.789900e-03	3.054950e-03	8.337700e-03	8.734850e-03	4.976300e-03	2.404500e-03
191	7	23	0	1.744883e-01	1.223000e-04	3.680000e-04	7.726800e-03	2.997250e-03	8.238250e-03	8.624450e-03	4.879550e-03	2.379950e-03
192	8	0	0	2.255347e-01	1.128000e-04	4.971500e-04	1.000710e-02	5.256600e-03	1.175175e-02	1.229640e-02	8.065300e-03	3.016900e-03
193	8	1	0	2.227436e-01	1.178500e-04	4.778500e-04	9.871150e-03	5.083300e-03	1.151780e-02	1.206090e-02	7.855350e-03	2.988100e-03
194	8	2	0	2.199756e-01	1.198500e-04	4.713500e-04	9.744300e-03	4.924800e-03	1.129140e-02	1.183725e-02	7.654100e-03	2.958300e-03
195	8	3	0	2.172879e-01	1.198500e-04	4.741000e-04	9.628650e-03	4.779700e-03	1.107855e-02	1.162800e-02	7.469100e-03	2.923750e-03
196	8	4	0	2.146527e-01	1.257500e-04	4.635500e-04	9.508700e-03	4.635400e-03	1.088275e-02	1.142425e-02	7.294550e-03	2.885950e-03
197	8	5	0	2.120713e-01	1.324000e-04	4.499000e-04	9.390800e-03	4.497250e-03	1.069560e-02	1.122770e-02	7.123500e-03	2.851000e-03
198	8	6	0	2.095512e-01	1.343000e-04	4.447000e-04	9.280150e-03	4.373900e-03	1.050980e-02	1.104005e-02	6.953050e-03	2.821950e-03
199	8	7	0	2.070807e-01	1.336000e-04	4.432500e-04	9.168150e-03	4.267450e-03	1.032835e-02	1.085630e-02	6.791000e-03	2.791650e-03
200	8	8	0	2.046604e-01	1.318500e-04	4.396000e-04	9.057150e-03	4.167850e-03	1.015610e-02	1.067680e-02	6.636600e-03	2.760500e-03
201	8	9	0	2.022936e-01	1.304000e-04	4.289000e-04	8.953600e-03	4.060400e-03	9.997100e-03	1.050435e-02	6.484650e-03	2.731900e-03
202	8	10	0	2.000057e-01	1.295000e-04	4.180500e-04	8.854950e-03	3.952350e-03	9.847500e-03	1.034110e-02	6.338450e-03	2.704200e-03
203	8	11	0	1.977422e-01	1.291000e-04	4.175500e-04	8.752150e-03	3.854050e-03	9.694150e-03	1.018180e-02	6.197700e-03	2.673550e-03
204	8	12	0	1.955412e-01	1.282500e-04	4.202500e-04	8.650050e-03	3.766400e-03	9.544650e-03	1.002715e-02	6.065150e-03	2.643300e-03
205	8	13	0	1.933886e-01	1.254500e-04	4.128000e-04	8.554150e-03	3.683100e-03	9.406900e-03	9.873600e-03	5.938800e-03	2.617500e-03
206	8	14	0	1.913153e-01	1.219000e-04	3.999000e-04	8.463950e-03	3.603050e-03	9.278700e-03	9.727300e-03	5.818650e-03	2.592650e-03
207	8	15	0	1.892531e-01	1.198000e-04	3.937500e-04	8.371600e-03	3.520400e-03	9.145800e-03	9.590250e-03	5.697450e-03	2.561050e-03
208	8	16	0	1.872379e-01	1.189000e-04	3.932000e-04	8.280500e-03	3.440850e-03	9.013000e-03	9.462100e-03	5.579100e-03	2.530250e-03
209	8	17	0	1.852843e-01	1.180000e-04	3.932000e-04	8.194700e-03	3.371350e-03	8.887700e-03	9.336650e-03	5.467850e-03	2.510850e-03
210	8	18	0	1.834026e-01	1.169500e-04	3.912000e-04	8.113500e-03	3.310900e-03	8.771500e-03	9.212200e-03	5.365000e-03	2.496950e-03
211	8	19	0	1.815283e-01	1.160000e-04	3.846500e-04	8.031400e-03	3.251350e-03	8.659650e-03	9.083050e-03	5.266050e-03	2.475800e-03
212	8	20	0	1.796969e-01	1.169500e-04	3.770500e-04	7.948700e-03	3.189850e-03	8.551500e-03	8.956800e-03	5.170250e-03	2.450200e-03
213	8	21	0	1.779088e-01	1.214500e-04	3.739500e-04	7.865700e-03	3.122200e-03	8.442600e-03	8.841400e-03	5.073100e-03	2.426700e-03
214	8	22	0	1.761919e-01	1.255000e-04	3.729000e-04	7.789900e-03	3.054950e-03	8.337700e-03	8.734850e-03	4.976300e-03	2.404500e-03
215	8	23	0	1.744883e-01	1.223000e-04	3.680000e-04	7.726800e-03	2.997250e-03	8.238250e-03	8.624450e-03	4.879550e-03	2.379950e-03
216	9	0	0	2.255347e-01	1.128000e-04	4.971500e-04	1.000710e-02	5.256600e-03	1.175175e-02	1.229640e-02	8.065300e-03	3.016900e-03
217	9	1	0	2.227436e-01	1.178500e-04	4.778500e-04	9.871150e-03	5.083300e-03	1.151780e-02	1.206090e-02	7.855350e-03	2.988100e-03
218	9	2	0	2.199756e-01	1.198500e-04	4.713500e-04	9.744300e-03	4.924800e-03	1.129140e-02	1.183725e-02	7.654100e-03	2.958300e-03
219	9	3	0	2.172879e-01	1.198500e-04	4.741000e-04	9.628650e-03	4.779700e-03	1.107855e-02	1.162800e-02	7.469100e-03	2.923750e-03
220	9	4	0	2.146527e-01	1.257500e-04	4.635500e-04	9.508700e-03	4.635400e-03	1.088275e-02	1.142425e-02	7.294550e-03	2.885950e-03
221	9	5	0	2.120713e-01	1.324000e-04	4.499000e-04	9.390800e-03	4.497250e-03	1.069560e-02	1.122770e-02	7.123500e-03	2.851000e-03
222	9	6	0	2.095512e-01	1.343000e-04	4.447000e-04	9.280150e-03	4.373900e-03	1.050980e-02	1.104005e-02	6.953050e-03	2.821950e-03
223	9	7	0	2.070807e-01	1.336000e-04	4.432500e-04	9.168150e-03	4.267450e-03	1.032835e-02	1.085630e-02	6.791000e-03	2.791650e-03
224	9	8	0	2.046604e-01	1.318500e-04	4.396000e-04	9.057150e-03	4.167850e-03	1.015610e-02	1.067680e-02	6.636600e-03	2.760500e-03
225	9	9	0	2.022936e-01	1.304000e-04	4.289000e-04	8.953600e-03	4.060400e-03	9.997100e-03	1.050435e-02	6.484650e-03	2.731900e-03
226	9	10	0	2.000057e-01	1.295000e-04	4.180500e-04	8.854950e-03	3.952350e-03	9.847500e-03	1.034110e-02	6.338450e-03	2.704200e-03
227	9	11	0	1.977422e-01	1.291000e-04	4.175500e-04	8.752150e-03	3.854050e-03	9.694150e-03	1.018180e-02	6.197700e-03	2.673550e-03
228	9	12	0	1.955412e-01	1.282500e-04	4.202500e-04	8.650050e-03	3.766400e-03	9.544650e-03	1.002715e-02	6.065150e-03	2.643300e-03
229	9	13	0	1.933886e-01	1.254500e-04	4.128000e-04	8.554150e-03	3.683100e-03	9.406900e-03	9.873600e-03	5.938800e-03	2.617500e-03
230	9	14	0	1.913153e-01	1.219000e-04	3.999000e-04	8.463950e-03	3.603050e-03	9.278700e-03	9.727300e-03	5.818650e-03	2.592650e-03
231	9	15	0	1.892531e-01	1.198000e-04	3.937500e-04	8.371600e-03	3.520400e-03	9.145800e-03	9.590250e-03	5.697450e-03	2.561050e-03
232	9	16	0	1.872379e-01	1.189000e-04	3.932000e-04	8.280500e-03	3.440850e-03	9.013000e-03	9.462100e-03	5.579100e-03	2.530250e-03
233	9	17	0	1.852843e-01	1.180000e-04	3.932000e-04	8.194700e-03	3.371350e-03	8.887700e-03	9.336650e-03	5.467850e-03	2.510850e-03
234	9	18	0	1.834026e-01	1.169500e-04	3.912000e-04	8.113500e-03	3.310900e-03	8.771500e-03	9.212200e-03	5.365000e-03	2.496950e-03
235	9	19	0	1.815283e-01	1.160000e-04	3.846500e-04	8.031400e-03	3.251350e-03	8.659650e-03	9.083050e-03	5.266050e-03	2.475800e-03
236	9	20	0	1.796969e-01	1.169500e-04	3.770500e-04	7.948700e-03	3.189850e-03	8.551500e-03	8.956800e-03	5.170250e-03	2.450200e-03
237	9	21	0	1.779088e-01	1.214500e-04	3.739500e-04	7.865700e-03	3.122200e-03	8.442600e-03	8.841400e-03	5.073100e-03	2.426700e-03
238	9	22	0	1.761919e-01	1.255000e-04	3.729000e-04	7.789900e-03	3.054950e-03	8.337700e-03	8.734850e-03	4.976300e-03	2.404500e-03
239	9	23	0	1.744883e-01	1.223000e-04	3.680000e-04	7.726800e-03	2.997250e-03	8.238250e-03	8.624450e-03	4.879550e-03	2.379950e-03
240	10	0	0	2.255347e-01	1.128000e-04	4.971500e-04	1.000710e-02	5.256600e-03	1.175175e-02	1.229640e-02	8.065300e-03	3.016900e-03
241	10	1	0	2.227436e-01	1.178500e-04	4.778500e-04	9.871150e-03	5.083300e-03	1.151780e-02	1.206090e-02	7.855350e-03	2.988100e-03
242	10	2	0	2.199756e-01	1.198500e-04	4.713500e-04	9.744300e-03	4.924800e-03	1.129140e-02	1.183725e-02	7.654100e-03	2.958300e-03
243	10	3	0	2.172879e-01	1.198500e-04	4.741000e-04	9.628650e-03	4.779700e-03	1.107855e-02	1.162800e-02	7.469100e-03	2.923750e-03
244	10	4	0	2.146527e-01	1.257500e-04	4.635500e-04	9.508700e-03	4.635400e-03	1.088275e-02	1.142425e-02	7.294550e-03	2.885950e-03
245	10	5	0	2.120713e-01	1.324000e-04	4.499000e-04	9.390800e-03	4.497250e-03	1.069560e-02	1.122770e-02	7.123500e-03	2.851000e-03
246	10	6	0	2.095512e-01	1.343000e-04	4.447000e-04	9.280150e-03	4.373900e-03	1.050980e-02	1.104005e-02	6.953050e-03	2.821950e-03
247	10	7	0	2.070807e-01	1.336000e-04	4.432500e-04	9.168150e-03	4.267450e-03	1.032835e-02	1.085630e-02	6.791000e-03	2.791650e-03
248	10	8	0	2.046604e-01	1.318500e-04	4.396000e-04	9.057150e-03	4.167850e-03	1.015610e-02	1.067680e-02	6.636600e-03	2.760500e-03
249	10	9	0	2.022936e-01	1.304000e-04	4.289000e-04	8.953600e-03	4.060400e-03	9.997100e-03	1.050435e-02	6.484650e-03	2.731900e-03
250	10	10	0	2.000057e-01	1.295000e-04	4.180500e-04	8.854950e-03	3.952350e-03	9.847500e-03	1.034110e-02	6.338450e-03	2.704200e-03
251	10	11	0	1.977422e-01	1.291000e-04	4.175500e-04	8.752150e-03	3.854050e-03	9.694150e-03	1.018180e-02	6.197700e-03	2.673550e-03
252	10	12	0	1.955412e-01	1.282500e-04	4.202500e-04	8.650050e-03	3.766400e-03	9.544650e-03	1.002715e-02	6.065150e-03	2.643300e-03
253	10	13	0	1.933886e-01	1.254500e-04	4.128000e-04	8.554150e-03	3.683100e-03	9.406900e-03	9.873600e-03	5.938800e-03	2.617500e-03
254	10	14	0	1.913153e-01	1.219000e-04	3.999000e-04	8.463950e-03	3.603050e-03	9.278700e-03	9.727300e-03	5.818650e-03	2.592650e-03
255	10	15	0	1.892531e-01	1.198000e-04	3.937500e-04	8.371600e-03	3.520400e-03	9.145800e-03	9.590250e-03	5.697450e-03	2.561050e-03
256	10	16	0	1.872379e-01	1.189000e-04	3.932000e-04	8.280500e-03	3.440850e-03	9.013000e-03	9.462100e-03	5.579100e-03	2.530250e-03
257	10	17	0	1.852843e-01	1.180000e-04	3.932000e-04	8.194700e-03	3.371350e-03	8.887700e-03	9.336650e-03	5.467850e-03	2.510850e-03
258	10	18	0	1.834026e-01	1.169500e-04	3.912000e-04	8.113500e-03	3.310900e-03	8.771500e-03	9.212200e-03	5.365000e-03	2.496950e-03
259	10	19	0	1.815283e-01	1.160000e-04	3.846500e-04	8.031400e-03	3.251350e-03	8.659650e-03	9.083050e-03	5.266050e-03	2.475800e-03
260	10	20	0	1.796969e-01	1.169500e-04	3.770500e-04	7.948700e-03	3.189850e-03	8.551500e-03	8.956800e-03	5.170250e-03	2.450200e-03
261	10	21	0	1.779088e-01	1.214500e-04	3.739500e-04	7.865700e-03	3.122200e-03	8.442600e-03	8.841400e-03	5.073100e-03	2.426700e-03
262	10	22	0	1.761919e-01	1.255000e-04	3.729000e-04	7.789900e-03	3.054950e-03	8.337700e-03	8.734850e-03	4.976300e-03	2.404500e-03
263	10	23	0	1.744883e-01	1.223000e-04	3.680000e-04	7.726800e-03	2.997250e-03	8.238250e-03	8.624450e-03	4.879550e-03	2.379950e-03
264	11	0	0	2.255347e-01	1.128000e-04	4.971500e-04	1.000710e-02	5.256600e-03	1.175175e-02	1.229640e-02	8.065300e-03	3.016900e-03
265	11	1	0	2.227436e-01	1.178500e-04	4.778500e-04	9.871150e-03	5.083300e-03	1.151780e-02	1.206090e-02	7.855350e-03	2.988100e-03
266	11	2	0	2.199756e-01	1.198500e-04	4.713500e-04	9.744300e-03	4.924800e-03	1.129140e-02	1.183725e-02	7.654100e-03	2.958300e-03
267	11	3	0	2.172879e-01	1.198500e-04	4.741000e-04	9.628650e-03	4.779700e-03	1.107855e-02	1.162800e-02	7.469100e-03	2.923750e-03
268	11	4	0	2.146527e-01	1.257500e-04	4.635500e-04	9.508700e-03	4.635400e-03	1.088275e-02	1.142425e-02	7.294550e-03	2.885950e-03
269	11	5	0	2.120713e-01	1.324000e-04	4.499000e-04	9.390800e-03	4.497250e-03	1.069560e-02	1.122770e-02	7.123500e-03	2.851000e-03
270	11	6	0	2.095512e-01	1.343000e-04	4.447000e-04	9.280150e-03	4.373900e-03	1.050980e-02	1.104005e-02	6.953050e-03	2.821950e-03
271	11	7	0	2.070807e-01	1.336000e-04	4.432500e-04	9.168150e-03	4.267450e-03	1.032835e-02	1.085630e-02	6.791000e-03	2.791650e-03
272	11	8	0	2.046604e-01	1.318500e-04	4.396000e-04	9.057150e-03	4.167850e-03	1.015610e-02	1.067680e-02	6.636600e-03	2.760500e-03
273	11	9	0	2.022936e-01	1.304000e-04	4.289000e-04	8.953600e-03	4.060400e-03	9.997100e-03	1.050435e-02	6.484650e-03	2.731900e-03
274	11	10	0	2.000057e-01	1.295000e-04	4.180500e-04	8.854950e-03	3.952350e-03	9.847500e-03	1.034110e-02	6.338450e-03	2.704200e-03
275	11	11	0	1.977422e-01	1.291000e-04	4.175500e-04	8.752150e-03	3.854050e-03	9.694150e-03	1.018180e-02	6.197700e-03	2.673550e-03
276	11	12	0	1.955412e-01	1.282500e-04	4.202500e-04	8.650050e-03	3.766400e-03	9.544650e-03	1.002715e-02	6.065150e-03	2.643300e-03
277	11	13	0	1.933886e-01	1.254500e-04	4.128000e-04	8.554150e-03	3.683100e-03	9.406900e-03	9.873600e-03	5.938800e-03	2.617500e-03
278	11	14	0	1.913153e-01	1.219000e-04	3.999000e-04	8.463950e-03	3.603050e-03	9.278700e-03	9.727300e-03	5.818650e-03	2.592650e-03
279	11	15	0	1.892531e-01	1.198000e-04	3.937500e-04	8.371600e-03	3.520400e-03	9.145800e-03	9.590250e-03	5.697450e-03	2.561050e-03
280	11	16	0	1.872379e-01	1.189000e-04	3.932000e-04	8.280500e-03	3.440850e-03	9.013000e-03	9.462100e-03	5.579100e-03	2.530250e-03
281	11	17	0	1.852843e-01	1.180000e-04	3.932000e-04	8.194700e-03	3.371350e-03	8.887700e-03	9.336650e-03	5.467850e-03	2.510850e-03
282	11	18	0	1.834026e-01	1.169500e-04	3.912000e-04	8.113500e-03	3.310900e-03	8.771500e-03	9.212200e-03	5.365000e-03	2.496950e-03
283	11	19	0	1.815283e-01	1.160000e-04	3.846500e-04	8.031400e-03	3.251350e-03	8.659650e-03	9.083050e-03	5.266050e-03	2.475800e-03
284	11	20	0	1.796969e-01	1.169500e-04	3.770500e-04	7.948700e-03	3.189850e-03	8.551500e-03	8.956800e-03	5.170250e-03	2.450200e-03
285	11	21	0	1.779088e-01	1.214500e-04	3.739500e-04	7.865700e-03	3.122200e-03	8.442600e-03	8.841400e-03	5.073100e-03	2.426700e-03
286	11	22	0	1.761919e-01	1.255000e-04	3.729000e-04	7.789900e-03	3.054950e-03	8.337700e-03	8.734850e-03	4.976300e-03	2.404500e-03
287	11	23	0	1.744883e-01	1.223000e-04	3.680000e-04	7.726800e-03	2.997250e-03	8.238250e-03	8.624450e-03	4.879550e-03	2.379950e-03
288	12	0	0	2.255347e-01	1.128000e-04	4.971500e-04	1.000710e-02	5.256600e-03	1.175175e-02	1.229640e-02	8.065300e-03	3.016900e-03
289	12	1	0	2.227436e-01	1.178500e-04	4.778500e-04	9.871150e-03	5.083300e-03	1.151780e-02	1.206090e-02	7.855350e-03	2.988100e-03
290	12	2	0	2.199756e-01	1.198500e-04	4.713500e-04	9.744300e-03	4.924800e-03	1.129140e-02	1.183725e-02	7.654100e-03	2.958300e-03
291	12	3	0	2.172879e-01	1.198500e-04	4.741000e-04	9.628650e-03	4.779700e-03	1.107855e-02	1.162800e-02	7.469100e-03	2.923750e-03
292	12	4	0	2.146527e-01	1.257500e-04	4.635500e-04	9.508700e-03	4.635400e-03	1.088275e-02	1.142425e-02	7.294550e-03	2.885950e-03
293	12	5	0	2.120713e-01	1.324000e-04	4.499000e-04	9.390800e-03	4.497250e-03	1.069560e-02	1.122770e-02	7.123500e-03	2.851000e-03
294	12	6	0	2.095512e-01	1.343000e-04	4.447000e-04	9.280150e-03	4.373900e-03	1.050980e-02	1.104005e-02	6.953050e-03	2.821950e-03
295	12	7	0	2.070807e-01	1.336000e-04	4.432500e-04	9.168150e-03	4.267450e-03	1.032835e-02	1.085630e-02	6.791000e-03	2.791650e-03
296	12	8	0	2.046604e-01	1.318500e-04	4.396000e-04	9.057150e-03	4.167850e-03	1.015610e-02	1.067680e-02	6.636600e-03	2.760500e-03
297	12	9	0	2.022936e-01	1.304000e-04	4.289000e-04	8.953600e-03	4.060400e-03	9.997100e-03	1.050435e-02	6.484650e-03	2.731900e-03
298	12	10	0	2.000057e-01	1.295000e-04	4.180500e-04	8.854950e-03	3.952350e-03	9.847500e-03	1.034110e-02	6.338450e-03	2.704200e-03
299	12	11	0	1.977422e-01	1.291000e-04	4.175500e-04	8.752150e-03	3.854050e-03	9.694150e-03	1.018180e-02	6.197700e-03	2.673550e-03
300	12	12	0	1.955412e-01	1.282500e-04	4.202500e-04	8.650050e-03	3.766400e-03	9.544650e-03	1.002715e-02	6.065150e-03	2.643300e-03
301	12	13	0	1.933886e-01	1.254500e-04	4.128000e-04	8.554150e-03	3.683100e-03	9.406900e-03	9.873600e-03	5.938800e-03	2.617500e-03
302	12	14	0	1.913153e-01	1.219000e-04	3.999000e-04	8.463950e-03	3.603050e-03	9.278700e-03	9.727300e-03	5.818650e-03	2.592650e-03
303	12	15	0	1.892531e-01	1.198000e-04	3.937500e-04	8.371600e-03	3.520400e-03	9.145800e-03	9.590250e-03	5.697450e-03	2.561050e-03
304	12	16	0	1.872379e-01	1.189000e-04	3.932000e-04	8.280500e-03	3.440850e-03	9.013000e-03	9.462100e-03	5.579100e-03	2.530250e-03
305	12	17	0	1.852843e-01	1.180000e-04	3.932000e-04	8.194700e-03	3.371350e-03	8.887700e-03	9.336650e-03	5.467850e-03	2.510850e-03
306	12	18	0	1.834026e-01	1.169500e-04	3.912000e-04	8.113500e-03	3.310900e-03	8.771500e-03	9.212200e-03	5.365000e-03	2.496950e-03
307	12	19	0	1.815283e-01	1.160000e-04	3.846500e-04	8.031400e-03	3.251350e-03	8.659650e-03	9.083050e-03	5.266050e-03	2.475800e-03
308	12	20	0	1.796969e-01	1.169500e-04	3.770500e-04	7.948700e-03	3.189850e-03	8.551500e-03	8.956800e-03	5.170250e-03	2.450200e-03
309	12	21	0	1.779088e-01	1.214500e-04	3.739500e-04	7.865700e-03	3.122200e-03	8.442600e-03	8.841400e-03	5.073100e-03	2.426700e-03
310	12	22	0	1.761919e-01	1.255000e-04	3.729000e-04	7.789900e-03	3.054950e-03	8.337700e-03	8.734850e-03	4.976300e-03	2.404500e-03
311	12	23	0	1.744883e-01	1.223000e-04	3.680000e-04	7.726800e-03	2.997250e-03	8.238250e-03	8.624450e-03	4.879550e-03	2.379950e-03
312	13	0	0	2.255347e-01	1.128000e-04	4.971500e-04	1.000710e-02	5.256600e-03	1.175175e-02	1.229640e-02	8.065300e-03	3.016900e-03
313	13	1	0	2.227436e-01	1.178500e-04	4.778500e-04	9.871150e-03	5.083300e-03	1.151780e-02	1.206090e-02	7.855350e-03	2.988100e-03
314	13	2	0	2.199756e-01	1.198500e-04	4.713500e-04	9.744300e-03	4.924800e-03	1.129140e-02	1.183725e-02	7.654100e-03	2.958300e-03
315	13	3	0	2.172879e-01	1.198500e-04	4.741000e-04	9.628650e-03	4.779700e-03	1.107855e-02	1.162800e-02	7.469100e-03	2.923750e-03
316	13	4	0	2.146527e-01	1.257500e-04	4.635500e-04	9.508700e-03	4.635400e-03	1.088275e-02	1.142425e-02	7.294550e-03	2.885950e-03
317	13	5	0	2.120713e-01	1.324000e-04	4.499000e-04	9.390800e-03	4.497250e-03	1.069560e-02	1.122770e-02	7.123500e-03	2.851000e-03
318	13	6	0	2.095512e-01	1.343000e-04	4.447000e-04	9.280150e-03	4.373900e-03	1.050980e-02	1.104005e-02	6.953050e-03	2.821950e-03
319	13	7	0	2.070807e-01	1.336000e-04	4.432500e-04	9.168150e-03	4.267450e-03	1.032835e-02	1.085630e-02	6.791000e-03	2.791650e-03
320	13	8	0	2.046604e-01	1.318500e-04	4.396000e-04	9.057150e-03	4.167850e-03	1.015610e-02	1.067680e-02	6.636600e-03	2.760500e-03
321	13	9	0	2.022936e-01	1.304000e-04	4.289000e-04	8.953600e-03	4.060400e-03	9.997100e-03	1.050435e-02	6.484650e-03	2.731900e-03
322	13	10	0	2.000057e-01	1.295000e-04	4.180500e-04	8.854950e-03	3.952350e-03	9.847500e-03	1.034110e-02	6.338450e-03	2.704200e-03
323	13	11	0	1.977422e-01	1.291000e-04	4.175500e-04	8.752150e-03	3.854050e-03	9.694150e-03	1.018180e-02	6.197700e-03	2.673550e-03
324	13	12	0	1.955412e-01	1.282500e-04	4.202500e-04	8.650050e-03	3.766400e-03	9.544650e-03	1.002715e-02	6.065150e-03	2.643300e-03
325	13	13	0	1.933886e-01	1.254500e-04	4.128000e-04	8.554150e-03	3.683100e-03	9.406900e-03	9.873600e-03	5.938800e-03	2.617500e-03
326	13	14	0	1.913153e-01	1.219000e-04	3.999000e-04	8.463950e-03	3.603050e-03	9.278700e-03	9.727300e-03	5.818650e-03	2.592650e-03
327	13	15	0	1.892531e-01	1.198000e-04	3.937500e-04	8.371600e-03	3.520400e-03	9.145800e-03	9.590250e-03	5.697450e-03	2.561050e-03
328	13	16	0	1.872379e-01	1.189000e-04	3.932000e-04	8.280500e-03	3.440850e-03	9.013000e-03	9.462100e-03	5.579100e-03	2.530250e-03
329	13	17	0	1.852843e-01	1.180000e-04	3.932000e-04	8.194700e-03	3.371350e-03	8.887700e-03	9.336650e-03	5.467850e-03	2.510850e-03
330	13	18	0	1.834026e-01	1.169500e-04	3.912000e-04	8.113500e-03	3.310900e-03	8.771500e-03	9.212200e-03	5.365000e-03	2.496950e-03
331	13	19	0	1.815283e-01	1.160000e-04	3.846500e-04	8.031400e-03	3.251350e-03	8.659650e-03	9.083050e-03	5.266050e-03	2.475800e-03
332	13	20	0	1.796969e-01	1.169500e-04	3.770500e-04	7.948700e-03	3.189850e-03	8.551500e-03	8.956800e-03	5.170250e-03	2.450200e-03
333	13	21	0	1.779088e-01	1.214500e-04	3.739500e-04	7.865700e-03	3.122200e-03	8.442600e-03	8.841400e-03	5.073100e-03	2.426700e-03
334	13	22	0	1.761919e-01	1.255000e-04	3.729000e-04	7.789900e-03	3.054950e-03	8.337700e-03	8.734850e-03	4.976300e-03	2.404500e-03
335	13	23	0	1.744883e-01	1.223000e-04	3.680000e-04	7.726800e-03	2.997250e-03	8.238250e-03	8.624450e-03	4.879550e-03	2.379950e-03
336	14	0	0	2.255347e-01	1.128000e-04	4.971500e-04	1.000710e-02	5.256600e-03	1.175175e-02	1.229640e-02	8.065300e-03	3.016900e-03
337	14	1	0	2.227436e-01	1.178500e-04	4.778500e-04	9.871150e-03	5.083300e-03	1.151780e-02	1.206090e-02	7.855350e-03	2.988100e-03
338	14	2	0	2.199756e-01	1.198500e-04	4.713500e-04	9.744300e-03	4.924800e-03	1.129140e-02	1.183725e-02	7.654100e-03	2.958300e-03
339	14	3	0	2.172879e-01	1.198500e-04	4.741000e-04	9.628650e-03	4.779700e-03	1.107855e-02	1.162800e-02	7.469100e-03	2.923750e-03
340	14	4	0	2.146527e-01	1.257500e-04	4.635500e-04	9.508700e-03	4.635400e-03	1.088275e-02	1.142425e-02	7.294550e-03	2.885950e-03
341	14	5	0	2.120713e-01	1.324000e-04	4.499000e-04	9.390800e-03	4.497250e-03	1.069560e-02	1.122770e-02	7.123500e-03	2.851000e-03
342	14	6	0	2.095512e-01	1.343000e-04	4.447000e-04	9.280150e-03	4.373900e-03	1.050980e-02	1.104005e-02	6.953050e-03	2.821950e-03
343	14	7	0	2.070807e-01	1.336000e-04	4.432500e-04	9.168150e-03	4.267450e-03	1.032835e-02	1.085630e-02	6.791000e-03	2.791650e-03
344	14	8	0	2.046604e-01	1.318500e-04	4.396000e-04	9.057150e-03	4.167850e-03	1.015610e-02	1.067680e-02	6.636600e-03	2.760500e-03
345	14	9	0	2.022936e-01	1.304000e-04	4.289000e-04	8.953600e-03	4.060400e-03	9.997100e-03	1.050435e-02	6.484650e-03	2.731900e-03
346	14	10	0	2.000057e-01	1.295000e-04	4.180500e-04	8.854950e-03	3.952350e-03	9.847500e-03	1.034110e-02	6.338450e-03	2.704200e-03
347	14	11	0	1.977422e-01	1.291000e-04	4.175500e-04	8.752150e-03	3.854050e-03	9.694150e-03	1.018180e-02	6.197700e-03	2.673550e-03
348	14	12	0	1.955412e-01	1.282500e-04	4.202500e-04	8.650050e-03	3.766400e-03	9.544650e-03	1.002715e-02	6.065150e-03	2.643300e-03
349	14	13	0	1.933886e-01	1.254500e-04	4.128000e-04	8.554150e-03	3.683100e-03	9.406900e-03	9.873600e-03	5.938800e-03	2.617500e-03
350	14	14	0	1.913153e-01	1.219000e-04	3.999000e-04	8.463950e-03	3.603050e-03	9.278700e-03	9.727300e-03	5.818650e-03	2.592650e-03
351	14	15	0	1.892531e-01	1.198000e-04	3.937500e-04	8.371600e-03	3.520400e-03	9.145800e-03	9.590250e-03	5.697450e-03	2.561050e-03
352	14	16	0	1.872379e-01	1.189000e-04	3.932000e-04	8.280500e-03	3.440850e-03	9.013000e-03	9.462100e-03	5.579100e-03	2.530250e-03
353	14	17	0	1.852843e-01	1.180000e-04	3.932000e-04	8.194700e-03	3.371350e-03	8.887700e-03	9.336650e-03	5.467850e-03	2.510850e-03
354	14	18	0	1.834026e-01	1.169500e-04	3.912000e-04	8.113500e-03	3.310900e-03	8.771500e-03	9.212200e-03	5.365000e-03	2.496950e-03
355	14	19	0	1.815283e-01	1.160000e-04	3.846500e-04	8.031400e-03	3.251350e-03	8.659650e-03	9.083050e-03	5.266050e-03	2.475800e-03
356	14	20	0	1.796969e-01	1.169500e-04	3.770500e-04	7.948700e-03	3.189850e-03	8.551500e-03	8.956800e-03	5.170250e-03	2.450200e-03
357	14	21	0	1.779088e-01	1.214500e-04	3.739500e-04	7.865700e-03	3.122200e-03	8.442600e-03	8.841400e-03	5.073100e-03	2.426700e-03
358	14	22	0	1.761919e-01	1.255000e-04	3.729000e-04	7.789900e-03	3.054950e-03	8.337700e-03	8.734850e-03	4.976300e-03	2.404500e-03
359	14	23	0	1.744883e-01	1.223000e-04	3.680000e-04	7.726800e-03	2.997250e-03	8.238250e-03	8.624450e-03	4.879550e-03	2.379950e-03
360	15	0	0	2.255347e-01	1.128000e-04	4.971500e-04	1.000710e-02	5.256600e-03	1.175175e-02	1.229640e-02	8.065300e-03	3.016900e-03
361	15	1	0	2.227436e-01	1.178500e-04	4.778500e-04	9.871150e-03	5.083300e-03	1.151780e-02	1.206090e-02	7.855350e-03	2.988100e-03
362	15	2	0	2.199756e-01	1.198500e-04	4.713500e-04	9.744300e-03	4.924800e-03	1.129140e-02	1.183725e-02	7.654100e-03	2.958300e-03
363	15	3	0	2.172879e-01	1.198500e-04	4.741000e-04	9.628650e-03	4.779700e-03	1.107855e-02	1.162800e-02	7.469100e-03	2.923750e-03
364	15	4	0	2.146527e-01	1.257500e-04	4.635500e-04	9.508700e-03	4.635400e-03	1.088275e-02	1.142425e-02	7.294550e-03	2.885950e-03
365	15	5	0	2.120713e-01	1.324000e-04	4.499000e-04	9.390800e-03	4.497250e-03	1.069560e-02	1.122770e-02	7.123500e-03	2.851000e-03
366	15	6	0	2.095512e-01	1.343000e-04	4.447000e-04	9.280150e-03	4.373900e-03	1.050980e-02	1.104005e-02	6.953050e-03	2.821950e-03
367	15	7	0	2.070807e-01	1.336000e-04	4.432500e-04	9.168150e-03	4.267450e-03	1.032835e-02	1.085630e-02	6.791000e-03	2.791650e-03
368	15	8	0	2.046604e-01	1.318500e-04	4.396000e-04	9.057150e-03	4.167850e-03	1.015610e-02	1.067680e-02	6.636600e-03	2.760500e-03
369	15	9	0	2.022936e-01	1.304000e-04	4.289000e-04	8.953600e-03	4.060400e-03	9.997100e-03	1.050435e-02	6.484650e-03	2.731900e-03
370	15	10	0	2.000057e-01	1.295000e-04	4.180500e-04	8.854950e-03	3.952350e-03	9.847500e-03	1.034110e-02	6.338450e-03	2.704200e-03
371	15	11	0	1.977422e-01	1.291000e-04	4.175500e-04	8.752150e-03	3.854050e-03	9.694150e-03	1.018180e-02	6.197700e-03	2.673550e-03
372	15	12	0	1.955412e-01	1.282500e-04	4.202500e-04	8.650050e-03	3.766400e-03	9.544650e-03	1.002715e-02	6.065150e-03	2.643300e-03
373	15	13	0	1.933886e-01	1.254500e-04	4.128000e-04	8.554150e-03	3.683100e-03	9.406900e-03	9.873600e-03	5.938800e-03	2.617500e-03
374	15	14	0	1.913153e-01	1.219000e-04	3.999000e-04	8.463950e-03	3.603050e-03	9.278700e-03	9.727300e-03	5.818650e-03	2.592650e-03
375	15	15	0	1.892531e-01	1.198000e-04	3.937500e-04	8.371600e-03	3.520400e-03	9.145800e-03	9.590250e-03	5.697450e-03	2.561050e-03
376	15	16	0	1.872379e-01	1.189000e-04	3.932000e-04	8.280500e-03	3.440850e-03	9.013000e-03	9.462100e-03	5.579100e-03	2.530250e-03
377	15	17	0	1.852843e-01	1.180000e-04	3.932000e-04	8.194700e-03	3.371350e-03	8.887700e-03	9.336650e-03	5.467850e-03	2.510850e-03
378	15	18	0	1.834026e-01	1.169500e-04	3.912000e-04	8.113500e-03	3.310900e-03	8.771500e-03	9.212200e-03	5.365000e-03	2.496950e-03
379	15	19	0	1.815283e-01	1.160000e-04	3.846500e-04	8.031400e-03	3.251350e-03	8.659650e-03	9.083050e-03	5.266050e-03	2.475800e-03
380	15	20	0	1.796969e-01	1.169500e-04	3.770500e-04	7.948700e-03	3.189850e-03	8.551500e-03	8.956800e-03	5.170250e-03	2.450200e-03
381	15	21	0	1.779088e-01	1.214500e-04	3.739500e-04	7.865700e-03	3.122200e-03	8.442600e-03	8.841400e-03	5.073100e-03	2.426700e-03
382	15	22	0	1.761919e-01	1.255000e-04	3.729000e-04	7.789900e-03	3.054950e-03	8.337700e-03	8.734850e-03	4.976300e-03	2.404500e-03
383	15	23	0	1.744883e-01	1.223000e-04	3.680000e-04	7.726800e-03	2.997250e-03	8.238250e-03	8.624450e-03	4.879550e-03	2.379950e-03
384	16	0	0	2.255347e-01	1.128000e-04	4.971500e-04	1.000710e-02	5.256600e-03	1.175175e-02	1.229640e-02	8.065300e-03	3.016900e-03
385	16	1	0	2.227436e-01	1.178500e-04	4.778500e-04	9.871150e-03	5.083300e-03	1.151780e-02	1.206090e-02	7.855350e-03	2.988100e-03
386	16	2	0	2.199756e-01	1.198500e-04	4.713500e-04	9.744300e-03	4.924800e-03	1.129140e-02	1.183725e-02	7.654100e-03	2.958300e-03
387	16	3	0	2.172879e-01	1.198500e-04	4.741000e-04	9.628650e-03	4.779700e-03	1.107855e-02	1.162800e-02	7.469100e-03	2.923750e-03
388	16	4	0	2.146527e-01	1.257500e-04	4.635500e-04	9.508700e-03	4.635400e-03	1.088275e-02	1.142425e-02	7.294550e-03	2.885950e-03
389	16	5	0	2.120713e-01	1.324000e-04	4.499000e-04	9.390800e-03	4.497250e-03	1.069560e-02	1.122770e-02	7.123500e-03	2.851000e-03
390	16	6	0	2.095512e-01	1.343000e-04	4.447000e-04	9.280150e-03	4.373900e-03	1.050980e-02	1.104005e-02	6.953050e-03	2.821950e-03
391	16	7	0	2.070807e-01	1.336000e-04	4.432500e-04	9.168150e-03	4.267450e-03	1.032835e-02	1.085630e-02	6.791000e-03	2.791650e-03
392	16	8	0	2.046604e-01	1.318500e-04	4.396000e-04	9.057150e-03	4.167850e-03	1.015610e-02	1.067680e-02	6.636600e-03	2.760500e-03
393	16	9	0	2.022936e-01	1.304000e-04	4.289000e-04	8.953600e-03	4.060400e-03	9.997100e-03	1.050435e-02	6.484650e-03	2.731900e-03
394	16	10	0	2.000057e-01	1.295000e-04	4.180500e-04	8.854950e-03	3.952350e-03	9.847500e-03	1.034110e-02	6.338450e-03	2.704200e-03
395	16	11	0	1.977422e-01	1.291000e-04	4.175500e-04	8.752150e-03	3.854050e-03	9.694150e-03	1.018180e-02	6.197700e-03	2.673550e-03
396	16	12	0	1.955412e-01	1.282500e-04	4.202500e-04	8.650050e-03	3.766400e-03	9.544650e-03	1.002715e-02	6.065150e-03	2.643300e-03
397	16	13	0	1.933886e-01	1.254500e-04	4.128000e-04	8.554150e-03	3.683100e-03	9.406900e-03	9.873600e-03	5.938800e-03	2.617500e-03
398	16	14	0	1.913153e-01	1.219000e-04	3.999000e-04	8.463950e-03	3.603050e-03	9.278700e-03	9.727300e-03	5.818650e-03	2.592650e-03
399	16	15	0	1.892531e-01	1.198000e-04	3.937500e-04	8.371600e-03	3.520400e-03	9.145800e-03	9.590250e-03	5.697450e-03	2.561050e-03
400	16	16	0	1.872379e-01	1.189000e-04	3.932000e-04	8.280500e-03	3.440850e-03	9.013000e-03	9.462100e-03	5.579100e-03	2.530250e-03
401	16	17	0	1.852843e-01	1.180000e-04	3.932000e-04	8.194700e-03	3.371350e-03	8.887700e-03	9.336650e-03	5.467850e-03	2.510850e-03
402	16	18	0	1.834026e-01	1.169500e-04	3.912000e-04	8.113500e-03	3.310900e-03	8.771500e-03	9.212200e-03	5.365000e-03	2.496950e-03
403	16	19	0	1.815283e-01	1.160000e-04	3.846500e-04	8.031400e-03	3.251350e-03	8.659650e-03	9.083050e-03	5.266050e-03	2.475800e-03
404	16	20	0	1.796969e-01	1.169500e-04	3.770500e-04	7.948700e-03	3.189850e-03	8.551500e-03	8.956800e-03	5.170250e-03	2.450200e-03
405	16	21	0	1.779088e-01	1.214500e-04	3.739500e-04	7.865700e-03	3.122200e-03	8.442600e-03	8.841400e-03	5.073100e-03	2.426700e-03
406	16	22	0	1.761919e-01	1.255000e-04	3.729000e-04	7.789900e-03	3.054950e-03	8.337700e-03	8.734850e-03	4.976300e-03	2.404500e-03
407	16	23	0	1.744883e-01	1.223000e-04	3.680000e-04	7.726800e-03	2.997250e-03	8.238250e-03	8.624450e-03	4.879550e-03	2.379950e-03
408	17	0	0	2.255347e-01	1.128000e-04	4.971500e-04	1.000710e-02	5.256600e-03	1.175175e-02	1.229640e-02	8.065300e-03	3.016900e-03
409	17	1	0	2.227436e-01	1.178500e-04	4.778500e-04	9.871150e-03	5.083300e-03	1.151780e-02	1.206090e-02	7.855350e-03	2.988100e-03
410	17	2	0	2.199756e-01	1.198500e-04	4.713500e-04	9.744300e-03	4.924800e-03	1.129140e-02	1.183725e-02	7.654100e-03	2.958300e-03
411	17	3	0	2.172879e-01	1.198500e-04	4.741000e-04	9.628650e-03	4.779700e-03	1.107855e-02	1.162800e-02	7.469100e-03	2.923750e-03
412	17	4	0	2.146527e-01	1.257500e-04	4.635500e-04	9.508700e-03	4.635400e-03	1.088275e-02	1.142425e-02	7.294550e-03	2.885950e-03
413	17	5	0	2.120713e-01	1.324000e-04	4.499000e-04	9.390800e-03	4.497250e-03	1.069560e-02	1.122770e-02	7.123500e-03	2.851000e-03
414	17	6	0	2.095512e-01	1.343000e-04	4.447000e-04	9.280150e-03	4.373900e-03	1.050980e-02	1.104005e-02	6.953050e-03	2.821950e-03
415	17	7	0	2.070807e-01	1.336000e-04	4.432500e-04	9.168150e-03	4.267450e-03	1.032835e-02	1.085630e-02	6.791000e-03	2.791650e-03
416	17	8	0	2.046604e-01	1.318500e-04	4.396000e-04	9.057150e-03	4.167850e-03	1.015610e-02	1.067680e-02	6.636600e-03	2.760500e-03
417	17	9	0	2.022936e-01	1.304000e-04	4.289000e-04	8.953600e-03	4.060400e-03	9.997100e-03	1.050435e-02	6.484650e-03	2.731900e-03
418	17	10	0	2.000057e-01	1.295000e-04	4.180500e-04	8.854950e-03	3.952350e-03	9.847500e-03	1.034110e-02	6.338450e-03	2.704200e-03
419	17	11	0	1.977422e-01	1.291000e-04	4.175500e-04	8.752150e-03	3.854050e-03	9.694150e-03	1.018180e-02	6.197700e-03	2.673550e-03
420	17	12	0	1.955412e-01	1.282500e-04	4.202500e-04	8.650050e-03	3.766400e-03	9.544650e-03	1.002715e-02	6.065150e-03	2.643300e-03
421	17	13	0	1.933886e-01	1.254500e-04	4.128000e-04	8.554150e-03	3.683100e-03	9.406900e-03	9.873600e-03	5.938800e-03	2.617500e-03
422	17	14	0	1.913153e-01	1.219000e-04	3.999000e-04	8.463950e-03	3.603050e-03	9.278700e-03	9.727300e-03	5.818650e-03	2.592650e-03
423	17	15	0	1.892531e-01	1.198000e-04	3.937500e-04	8.371600e-03	3.520400e-03	9.145800e-03	9.590250e-03	5.697450e-03	2.561050e-03
424	17	16	0	1.872379e-01	1.189000e-04	3.932000e-04	8.280500e-03	3.440850e-03	9.013000e-03	9.462100e-03	5.579100e-03	2.530250e-03
425	17	17	0	1.852843e-01	1.180000e-04	3.932000e-04	8.194700e-03	3.371350e-03	8.887700e-03	9.336650e-03	5.467850e-03	2.510850e-03
426	17	18	0	1.834026e-01	1.169500e-04	3.912000e-04	8.113500e-03	3.310900e-03	8.771500e-03	9.212200e-03	5.365000e-03	2.496950e-03
427	17	19	0	1.815283e-01	1.160000e-04	3.846500e-04	8.031400e-03	3.251350e-03	8.659650e-03	9.083050e-03	5.266050e-03	2.475800e-03
428	17	20	0	1.796969e-01	1.169500e-04	3.770500e-04	7.948700e-03	3.189850e-03	8.551500e-03	8.956800e-03	5.170250e-03	2.450200e-03
429	17	21	0	1.779088e-01	1.214500e-04	3.739500e-04	7.865700e-03	3.122200e-03	8.442600e-03	8.841400e-03	5.073100e-03	2.426700e-03
430	17	22	0	1.761919e-01	1.255000e-04	3.729000e-04	7.789900e-03	3.054950e-03	8.337700e-03	8.734850e-03	4.976300e-03	2.404500e-03
431	17	23	0	1.744883e-01	1.223000e-04	3.680000e-04	7.726800e-03	2.997250e-03	8.238250e-03	8.624450e-03	4.879550e-03	2.379950e-03
432	18	0	0	2.255347e-01	1.128000e-04	4.971500e-04	1.000710e-02	5.256600e-03	1.175175e-02	1.229640e-02	8.065300e-03	3.016900e-03
433	18	1	0	2.227436e-01	1.178500e-04	4.778500e-04	9.871150e-03	5.083300e-03	1.151780e-02	1.206090e-02	7.855350e-03	2.988100e-03
434	18	2	0	2.199756e-01	1.198500e-04	4.713500e-04	9.744300e-03	4.924800e-03	1.129140e-02	1.183725e-02	7.654100e-03	2.958300e-03
435	18	3	0	2.172879e-01	1.198500e-04	4.741000e-04	9.628650e-03	4.779700e-03	1.107855e-02	1.162800e-02	7.469100e-03	2.923750e-03
436	18	4	0	2.146527e-01	1.257500e-04	4.635500e-04	9.508700e-03	4.635400e-03	1.088275e-02	1.142425e-02	7.294550e-03	2.885950e-03
437	18	5	0	2.120713e-01	1.324000e-04	4.499000e-04	9.390800e-03	4.497250e-03	1.069560e-02	1.122770e-02	7.123500e-03	2.851000e-03
438	18	6	0	2.095512e-01	1.343000e-04	4.447000e-04	9.280150e-03	4.373900e-03	1.050980e-02	1.104005e-02	6.953050e-03	2.821950e-03
439	18	7	0	2.070807e-01	1.336000e-04	4.432500e-04	9.168150e-03	4.267450e-03	1.032835e-02	1.085630e-02	6.791000e-03	2.791650e-03
440	18	8	0	2.046604e-01	1.318500e-04	4.396000e-04	9.057150e-03	4.167850e-03	1.015610e-02	1.067680e-02	6.636600e-03	2.760500e-03
441	18	9	0	2.022936e-01	1.304000e-04	4.289000e-04	8.953600e-03	4.060400e-03	9.997100e-03	1.050435e-02	6.484650e-03	2.731900e-03
442	18	10	0	2.000057e-01	1.295000e-04	4.180500e-04	8.854950e-03	3.952350e-03	9.847500e-03	1.034110e-02	6.338450e-03	2.704200e-03
443	18	11	0	1.977422e-01	1.291000e-04	4.175500e-04	8.752150e-03	3.854050e-03	9.694150e-03	1.018180e-02	6.197700e-03	2.673550e-03
444	18	12	0	1.955412e-01	1.282500e-04	4.202500e-04	8.650050e-03	3.766400e-03	9.544650e-03	1.002715e-02	6.065150e-03	2.643300e-03
445	18	13	0	1.933886e-01	1.254500e-04	4.128000e-04	8.554150e-03	3.683100e-03	9.406900e-03	9.873600e-03	5.938800e-03	2.617500e-03
446	18	14	0	1.913153e-01	1.219000e-04	3.999000e-04	8.463950e-03	3.603050e-03	9.278700e-03	9.727300e-03	5.818650e-03	2.592650e-03
447	18	15	0	1.892531e-01	1.198000e-04	3.937500e-04	8.371600e-03	3.520400e-03	9.145800e-03	9.590250e-03	5.697450e-03	2.561050e-03
448	18	16	0	1.872379e-01	1.189000e-04	3.932000e-04	8.280500e-03	3.440850e-03	9.013000e-03	9.462100e-03	5.579100e-03	2.530250e-03
449	18	17	0	1.852843e-01	1.180000e-04	3.932000e-04	8.194700e-03	3.371350e-03	8.887700e-03	9.336650e-03	5.467850e-03	2.510850e-03
450	18	18	0	1.834026e-01	1.169500e-04	3.912000e-04	8.113500e-03	3.310900e-03	8.771500e-03	9.212200e-03	5.365000e-03	2.496950e-03
451	18	19	0	1.815283e-01	1.160000e-04	3.846500e-04	8.031400e-03	3.251350e-03	8.659650e-03	9.083050e-03	5.266050e-03	2.475800e-03
452	18	20	0	1.796969e-01	1.169500e-04	3.770500e-04	7.948700e-03	3.189850e-03	8.551500e-03	8.956800e-03	5.170250e-03	2.450200e-03
453	18	21	0	1.779088e-01	1.214500e-04	3.739500e-04	7.865700e-03	3.122200e-03	8.442600e-03	8.841400e-03	5.073100e-03	2.426700e-03
454	18	22	0	1.761919e-01	1.255000e-04	3.729000e-04	7.789900e-03	3.054950e-03	8.337700e-03	8.734850e-03	4.976300e-03	2.404500e-03
455	18	23	0	1.744883e-01	1.223000e-04	3.680000e-04	7.726800e-03	2.997250e-03	8.238250e-03	8.624450e-03	4.879550e-03	2.379950e-03
456	19	0	0	2.255347e-01	1.128000e-04	4.971500e-04	1.000710e-02	5.256600e-03	1.175175e-02	1.229640e-02	8.065300e-03	3.016900e-03
457	19	1	0	2.227436e-01	1.178500e-04	4.778500e-04	9.871150e-03	5.083300e-03	1.151780e-02	1.206090e-02	7.855350e-03	2.988100e-03
458	19	2	0	2.199756e-01	1.198500e-04	4.713500e-04	9.744300e-03	4.924800e-03	1.129140e-02	1.183725e-02	7.654100e-03	2.958300e-03
459	19	3	0	2.172879e-01	1.198500e-04	4.741000e-04	9.628650e-03	4.779700e-03	1.107855e-02	1.162800e-02	7.469100e-03	2.923750e-03
460	19	4	0	2.146527e-01	1.257500e-04	4.635500e-04	9.508700e-03	4.635400e-03	1.088275e-02	1.142425e-02	7.294550e-03	2.885950e-03
461	19	5	0	2.120713e-01	1.324000e-04	4.499000e-04	9.390800e-03	4.497250e-03	1.069560e-02	1.122770e-02	7.123500e-03	2.851000e-03
462	19	6	0	2.095512e-01	1.343000e-04	4.447000e-04	9.280150e-03	4.373900e-03	1.050980e-02	1.104005e-02	6.953050e-03	2.821950e-03
463	19	7	0	2.070807e-01	1.336000e-04	4.432500e-04	9.168150e-03	4.267450e-03	1.032835e-02	1.085630e-02	6.791000e-03	2.791650e-03
464	19	8	0	2.046604e-01	1.318500e-04	4.396000e-04	9.057150e-03	4.167850e-03	1.015610e-02	1.067680e-02	6.636600e-03	2.760500e-03
465	19	9	0	2.022936e-01	1.304000e-04	4.289000e-04	8.953600e-03	4.060400e-03	9.997100e-03	1.050435e-02	6.484650e-03	2.731900e-03
466	19	10	0	2.000057e-01	1.295000e-04	4.180500e-04	8.854950e-03	3.952350e-03	9.847500e-03	1.034110e-02	6.338450e-03	2.704200e-03
467	19	11	0	1.977422e-01	1.291000e-04	4.175500e-04	8.752150e-03	3.854050e-03	9.694150e-03	1.018180e-02	6.197700e-03	2.673550e-03
468	19	12	0	1.955412e-01	1.282500e-04	4.202500e-04	8.650050e-03	3.766400e-03	9.544650e-03	1.002715e-02	6.065150e-03	2.643300e-03
469	19	13	0	1.933886e-01	1.254500e-04	4.128000e-04	8.554150e-03	3.683100e-03	9.406900e-03	9.873600e-03	5.938800e-03	2.617500e-03
470	19	14	0	1.913153e-01	1.219000e-04	3.999000e-04	8.463950e-03	3.603050e-03	9.278700e-03	9.727300e-03	5.818650e-03	2.592650e-03
471	19	15	0	1.892531e-01	1.198000e-04	3.937500e-04	8.371600e-03	3.520400e-03	9.145800e-03	9.590250e-03	5.697450e-03	2.561050e-03
472	19	16	0	1.872379e-01	1.189000e-04	3.932000e-04	8.280500e-03	3.440850e-03	9.013000e-03	9.462100e-03	5.579100e-03	2.530250e-03
473	19	17	0	1.852843e-01	1.180000e-04	3.932000e-04	8.194700e-03	3.371350e-03	8.887700e-03	9.336650e-03	5.467850e-03	2.510850e-03
474	19	18	0	1.834026e-01	1.169500e-04	3.912000e-04	8.113500e-03	3.310900e-03	8.771500e-03	9.212200e-03	5.365000e-03	2.496950e-03
475	19	19	0	1.815283e-01	1.160000e-04	3.846500e-04	8.031400e-03	3.251350e-03	8.659650e-03	9.083050e-03	5.266050e-03	2.475800e-03
476	19	20	0	1.796969e-01	1.169500e-04	3.770500e-04	7.948700e-03	3.189850e-03	8.551500e-03	8.956800e-03	5.170250e-03	2.450200e-03
477	19	21	0	1.779088e-01	1.214500e-04	3.739500e-04	7.865700e-03	3.122200e-03	8.442600e-03	8.841400e-03	5.073100e-03	2.426700e-03
478	19	22	0	1.761919e-01	1.255000e-04	3.729000e-04	7.789900e-03	3.054950e-03	8.337700e-03	8.734850e-03	4.976300e-03	2.404500e-03
479	19	23	0	1.744883e-01	1.223000e-04	3.680000e-04	7.726800e-03	2.997250e-03	8.238250e-03	8.624450e-03	4.879550e-03	2.379950e-03
480	20	0	0	2.255347e-01	1.128000e-04	4.971500e-04	1.000710e-02	5.256600e-03	1.175175e-02	1.229640e-02	8.065300e-03	3.016900e-03
481	20	1	0	2.227436e-01	1.178500e-04	4.778500e-04	9.871150e-03	5.083300e-03	1.151780e-02	1.206090e-02	7.855350e-03	2.988100e-03
482	20	2	0	2.199756e-01	1.198500e-04	4.713500e-04	9.744300e-03	4.924800e-03	1.129140e-02	1.183725e-02	7.654100e-03	2.958300e-03
483	20	3	0	2.172879e-01	1.198500e-04	4.741000e-04	9.628650e-03	4.779700e-03	1.107855e-02	1.162800e-02	7.469100e-03	2.923750e-03
484	20	4	0	2.146527e-01	1.257500e-04	4.635500e-04	9.508700e-03	4.635400e-03	1.088275e-02	1.142425e-02	7.294550e-03	2.885950e-03
485	20	5	0	2.120713e-01	1.324000e-04	4.499000e-04	9.390800e-03	4.497250e-03	1.069560e-02	1.122770e-02	7.123500e-03	2.851000e-03
486	20	6	0	2.095512e-01	1.343000e-04	4.447000e-04	9.280150e-03	4.373900e-03	1.050980e-02	1.104005e-02	6.953050e-03	2.821950e-03
487	20	7	0	2.070807e-01	1.336000e-04	4.432500e-04	9.168150e-03	4.267450e-03	1.032835e-02	1.085630e-02	6.791000e-03	2.791650e-03
488	20	8	0	2.046604e-01	1.318500e-04	4.396000e-04	9.057150e-03	4.167850e-03	1.015610e-02	1.067680e-02	6.636600e-03	2.760500e-03
489	20	9	0	2.022936e-01	1.304000e-04	4.289000e-04	8.953600e-03	4.060400e-03	9.997100e-03	1.050435e-02	6.484650e-03	2.731900e-03
490	20	10	0	2.000057e-01	1.295000e-04	4.180500e-04	8.854950e-03	3.952350e-03	9.847500e-03	1.034110e-02	6.338450e-03	2.704200e-03
491	20	11	0	1.977422e-01	1.291000e-04	4.175500e-04	8.752150e-03	3.854050e-03	9.694150e-03	1.018180e-02	6.197700e-03	2.673550e-03
492	20	12	0	1.955412e-01	1.282500e-04	4.202500e-04	8.650050e-03	3.766400e-03	9.544650e-03	1.002715e-02	6.065150e-03	2.643300e-03
493	20	13	0	1.933886e-01	1.254500e-04	4.128000e-04	8.554150e-03	3.683100e-03	9.406900e-03	9.873600e-03	5.938800e-03	2.617500e-03
494	20	14	0	1.913153e-01	1.219000e-04	3.999000e-04	8.463950e-03	3.603050e-03	9.278700e-03	9.727300e-03	5.818650e-03	2.592650e-03
495	20	15	0	1.892531e-01	1.198000e-04	3.937500e-04	8.371600e-03	3.520400e-03	9.145800e-03	9.590250e-03	5.697450e-03	2.561050e-03
496	20	16	0	1.872379e-01	1.189000e-04	3.932000e-04	8.280500e-03	3.440850e-03	9.013000e-03	9.462100e-03	5.579100e-03	2.530250e-03
497	20	17	0	1.852843e-01	1.180000e-04	3.932000e-04	8.194700e-03	3.371350e-03	8.887700e-03	9.336650e-03	5.467850e-03	2.510850e-03
498	20	18	0	1.834026e-01	1.169500e-04	3.912000e-04	8.113500e-03	3.310900e-03	8.771500e-03	9.212200e-03	5.365000e-03	2.496950e-03
499	20	19	0	1.815283e-01	1.160000e-04	3.846500e-04	8.031400e-03	3.251350e-03	8.659650e-03	9.083050e-03	5.266050e-03	2.475800e-03
500	20	20	0	1.796969e-01	1.169500e-04	3.770500e-04	7.948700e-03	3.189850e-03	8.551500e-03	8.956800e-03	5.170250e-03	2.450200e-03
501	20	21	0	1.779088e-01	1.214500e-04	3.739500e-04	7.865700e-03	3.122200e-03	8.442600e-03	8.841400e-03	5.073100e-03	2.426700e-03
502	20	22	0	1.761919e-01	1.255000e-04	3.729000e-04	7.789900e-03	3.054950e-03	8.337700e-03	8.734850e-03	4.976300e-03	2.404500e-03
503	20	23	0	1.744883e-01	1.223000e-04	3.680000e-04	7.726800e-03	2.997250e-03	8.238250e-03	8.624450e-03	4.879550e-03	2.379950e-03
504	21	0	0	2.255347e-01	1.128000e-04	4.971500e-04	1.000710e-02	5.256600e-03	1.175175e-02	1.229640e-02	8.065300e-03	3.016900e-03
505	21	1	0	2.227436e-01	1.178500e-04	4.778500e-04	9.871150e-03	5.083300e-03	1.151780e-02	1.206090e-02	7.855350e-03	2.988100e-03
506	21	2	0	2.199756e-01	1.198500e-04	4.713500e-04	9.744300e-03	4.924800e-03	1.129140e-02	1.183725e-02	7.654100e-03	2.958300e-03
507	21	3	0	2.172879e-01	1.198500e-04	4.741000e-04	9.628650e-03	4.779700e-03	1.107855e-02	1.162800e-02	7.469100e-03	2.923750e-03
508	21	4	0	2.146527e-01	1.257500e-04	4.635500e-04	9.508700e-03	4.635400e-03	1.088275e-02	1.142425e-02	7.294550e-03	2.885950e-03
509	21	5	0	2.120713e-01	1.324000e-04	4.499000e-04	9.390800e-03	4.497250e-03	1.069560e-02	1.122770e-02	7.123500e-03	2.851000e-03
510	21	6	0	2.095512e-01	1.343000e-04	4.447000e-04	9.280150e-03	4.373900e-03	1.050980e-02	1.104005e-02	6.953050e-03	2.821950e-03
511	21	7	0	2.070807e-01	1.336000e-04	4.432500e-04	9.168150e-03	4.267450e-03	1.032835e-02	1.085630e-02	6.791000e-03	2.791650e-03
512	21	8	0	2.046604e-01	1.318500e-04	4.396000e-04	9.057150e-03	4.167850e-03	1.015610e-02	1.067680e-02	6.636600e-03	2.760500e-03
513	21	9	0	2.022936e-01	1.304000e-04	4.289000e-04	8.953600e-03	4.060400e-03	9.997100e-03	1.050435e-02	6.484650e-03	2.731900e-03
514	21	10	0	2.000057e-01	1.295000e-04	4.180500e-04	8.854950e-03	3.952350e-03	9.847500e-03	1.034110e-02	6.338450e-03	2.704200e-03
515	21	11	0	1.977422e-01	1.291000e-04	4.175500e-04	8.752150e-03	3.854050e-03	9.694150e-03	1.018180e-02	6.197700e-03	2.673550e-03
516	21	12	0	1.955412e-01	1.282500e-04	4.202500e-04	8.650050e-03	3.766400e-03	9.544650e-03	1.002715e-02	6.065150e-03	2.643300e-03
517	21	13	0	1.933886e-01	1.254500e-04	4.128000e-04	8.554150e-03	3.683100e-03	9.406900e-03	9.873600e-03	5.938800e-03	2.617500e-03
518	21	14	0	1.913153e-01	1.219000e-04	3.999000e-04	8.463950e-03	3.603050e-03	9.278700e-03	9.727300e-03	5.818650e-03	2.592650e-03
519	21	15	0	1.892531e-01	1.198000e-04	3.937500e-04	8.371600e-03	3.520400e-03	9.145800e-03	9.590250e-03	5.697450e-03	2.561050e-03
520	21	16	0	1.872379e-01	1.189000e-04	3.932000e-04	8.280500e-03	3.440850e-03	9.013000e-03	9.462100e-03	5.579100e-03	2.530250e-03
521	21	17	0	1.852843e-01	1.180000e-04	3.932000e-04	8.194700e-03	3.371350e-03	8.887700e-03	9.336650e-03	5.467850e-03	2.510850e-03
522	21	18	0	1.834026e-01	1.169500e-04	3.912000e-04	8.113500e-03	3.310900e-03	8.771500e-03	9.212200e-03	5.365000e-03	2.496950e-03
523	21	19	0	1.815283e-01	1.160000e-04	3.846500e-04	8.031400e-03	3.251350e-03	8.659650e-03	9.083050e-03	5.266050e-03	2.475800e-03
524	21	20	0	1.796969e-01	1.169500e-04	3.770500e-04	7.948700e-03	3.189850e-03	8.551500e-03	8.956800e-03	5.170250e-03	2.450200e-03
525	21	21	0	1.779088e-01	1.214500e-04	3.739500e-04	7.865700e-03	3.122200e-03	8.442600e-03	8.841400e-03	5.073100e-03	2.426700e-03
526	21	22	0	1.761919e-01	1.255000e-04	3.729000e-04	7.789900e-03	3.054950e-03	8.337700e-03	8.734850e-03	4.976300e-03	2.404500e-03
527	21	23	0	1.744883e-01	1.223000e-04	3.680000e-04	7.726800e-03	2.997250e-03	8.238250e-03	8.624450e-03	4.879550e-03	2.379950e-03
528	22	0	0	2.255347e-01	1.128000e-04	4.971500e-04	1.000710e-02	5.256600e-03	1.175175e-02	1.229640e-02	8.065300e-03	3.016900e-03
529	22	1	0	2.227436e-01	1.178500e-04	4.778500e-04	9.871150e-03	5.083300e-03	1.151780e-02	1.206090e-02	7.855350e-03	2.988100e-03
530	22	2	0	2.199756e-01	1.198500e-04	4.713500e-04	9.744300e-03	4.924800e-03	1.129140e-02	1.183725e-02	7.654100e-03	2.958300e-03
531	22	3	0	2.172879e-01	1.198500e-04	4.741000e-04	9.628650e-03	4.779700e-03	1.107855e-02	1.162800e-02	7.469100e-03	2.923750e-03
532	22	4	0	2.146527e-01	1.257500e-04	4.635500e-04	9.508700e-03	4.635400e-03	1.088275e-02	1.142425e-02	7.294550e-03	2.885950e-03
533	22	5	0	2.120713e-01	1.324000e-04	4.499000e-04	9.390800e-03	4.497250e-03	1.069560e-02	1.122770e-02	7.123500e-03	2.851000e-03
534	22	6	0	2.095512e-01	1.343000e-04	4.447000e-04	9.280150e-03	4.373900e-03	1.050980e-02	1.104005e-02	6.953050e-03	2.821950e-03
535	22	7	0	2.070807e-01	1.336000e-04	4.432500e-04	9.168150e-03	4.267450e-03	1.032835e-02	1.085630e-02	6.791000e-03	2.791650e-03
536	22	8	0	2.046604e-01	1.318500e-04	4.396000e-04	9.057150e-03	4.167850e-03	1.015610e-02	1.067680e-02	6.636600e-03	2.760500e-03
537	22	9	0	2.022936e-01	1.304000e-04	4.289000e-04	8.953600e-03	4.060400e-03	9.997100e-03	1.050435e-02	6.484650e-03	2.731900e-03
538	22	10	0	2.000057e-01	1.295000e-04	4.180500e-04	8.854950e-03	3.952350e-03	9.847500e-03	1.034110e-02	6.338450e-03	2.704200e-03
539	22	11	0	1.977422e-01	1.291000e-04	4.175500e-04	8.752150e-03	3.854050e-03	9.694150e-03	1.018180e-02	6.197700e-03	2.673550e-03
540	22	12	0	1.955412e-01	1.282500e-04	4.202500e-04	8.650050e-03	3.766400e-03	9.544650e-03	1.002715e-02	6.065150e-03	2.643300e-03
541	22	13	0	1.933886e-01	1.254500e-04	4.128000e-04	8.554150e-03	3.683100e-03	9.406900e-03	9.873600e-03	5.938800e-03	2.617500e-03
542	22	14	0	1.913153e-01	1.219000e-04	3.999000e-04	8.463950e-03	3.603050e-03	9.278700e-03	9.727300e-03	5.818650e-03	2.592650e-03
543	22	15	0	1.892531e-01	1.198000e-04	3.937500e-04	8.371600e-03	3.520400e-03	9.145800e-03	9.590250e-03	5.697450e-03	2.561050e-03
544	22	16	0	1.872379e-01	1.189000e-04	3.932000e-04	8.280500e-03	3.440850e-03	9.013000e-03	9.462100e-03	5.579100e-03	2.530250e-03
545	22	17	0	1.852843e-01	1.180000e-04	3.932000e-04	8.194700e-03	3.371350e-03	8.887700e-03	9.336650e-03	5.467850e-03	2.510850e-03
546	22	18	0	1.834026e-01	1.169500e-04	3.912000e-04	8.113500e-03	3.310900e-03	8.771500e-03	9.212200e-03	5.365000e-03	2.496950e-03
547	22	19	0	1.815283e-01	1.160000e-04	3.846500e-04	8.031400e-03	3.251350e-03	8.659650e-03	9.083050e-03	5.266050e-03	2.475800e-03
548	22	20	0	1.796969e-01	1.169500e-04	3.770500e-04	7.948700e-03	3.189850e-03	8.551500e-03	8.956800e-03	5.170250e-03	2.450200e-03
549	22	21	0	1.779088e-01	1.214500e-04	3.739500e-04	7.865700e-03	3.122200e-03	8.442600e-03	8.841400e-03	5.073100e-03	2.426700e-03
550	22	22	0	1.761919e-01	1.255000e-04	3.729000e-04	7.789900e-03	3.054950e-03	8.337700e-03	8.734850e-03	4.976300e-03	2.404500e-03
551	22	23	0	1.744883e-01	1.223000e-04	3.680000e-04	7.726800e-03	2.997250e-03	8.238250e-03	8.624450e-03	4.879550e-03	2.379950e-03
552	23	0	0	2.255347e-01	1.128000e-04	4.971500e-04	1.000710e-02	5.256600e-03	1.175175e-02	1.229640e-02	8.065300e-03	3.016900e-03
553	23	1	0	2.227436e-01	1.178500e-04	4.778500e-04	9.871150e-03	5.083300e-03	1.151780e-02	1.206090e-02	7.855350e-03	2.988100e-03
554	23	2	0	2.199756e-01	1.198500e-04	4.713500e-04	9.744300e-03	4.924800e-03	1.129140e-02	1.183725e-02	7.654100e-03	2.958300e-03
555	23	3	0	2.172879e-01	1.198500e-04	4.741000e-04	9.628650e-03	4.779700e-03	1.107855e-02	1.162800e-02	7.469100e-03	2.923750e-03
556	23	4	0	2.146527e-01	1.257500e-04	4.635500e-04	9.508700e-03	4.635400e-03	1.088275e-02	1.142425e-02	7.294550e-03	2.885950e-03
557	23	5	0	2.120713e-01	1.324000e-04	4.499000e-04	9.390800e-03	4.497250e-03	1.069560e-02	1.122770e-02	7.123500e-03	2.851000e-03
558	23	6	0	2.095512e-01	1.343000e-04	4.447000e-04	9.280150e-03	4.373900e-03	1.050980e-02	1.104005e-02	6.953050e-03	2.821950e-03
559	23	7	0	2.070807e-01	1.336000e-04	4.432500e-04	9.168150e-03	4.267450e-03	1.032835e-02	1.085630e-02	6.791000e-03	2.791650e-03
560	23	8	0	2.046604e-01	1.318500e-04	4.396000e-04	9.057150e-03	4.167850e-03	1.015610e-02	1.067680e-02	6.636600e-03	2.760500e-03
561	23	9	0	2.022936e-01	1.304000e-04	4.289000e-04	8.953600e-03	4.060400e-03	9.997100e-03	1.050435e-02	6.484650e-03	2.731900e-03
562	23	10	0	2.000057e-01	1.295000e-04	4.180500e-04	8.854950e-03	3.952350e-03	9.847500e-03	1.034110e-02	6.338450e-03	2.704200e-03
563	23	11	0	1.977422e-01	1.291000e-04	4.175500e-04	8.752150e-03	3.854050e-03	9.694150e-03	1.018180e-02	6.197700e-03	2.673550e-03
564	23	12	0	1.955412e-01	1.282500e-04	4.202500e-04	8.650050e-03	3.766400e-03	9.544650e-03	1.002715e-02	6.065150e-03	2.643300e-03
565	23	13	0	1.933886e-01	1.254500e-04	4.128000e-04	8.554150e-03	3.683100e-03	9.406900e-03	9.873600e-03	5.938800e-03	2.617500e-03
566	23	14	0	1.913153e-01	1.219000e-04	3.999000e-04	8.463950e-03	3.603050e-03	9.278700e-03	9.727300e-03	5.818650e-03	2.592650e-03
567	23	15	0	1.892531e-01	1.198000e-04	3.937500e-04	8.371600e-03	3.520400e-03	9.145800e-03	9.590250e-03	5.697450e-03	2.561050e-03
568	23	16	0	1.872379e-01	1.189000e-04	3.932000e-04	8.280500e-03	3.440850e-03	9.013000e-03	9.462100e-03	5.579100e-03	2.530250e-03
569	23	17	0	1.852843e-01	1.180000e-04	3.932000e-04	8.194700e-03	3.371350e-03	8.887700e-03	9.336650e-03	5.467850e-03	2.510850e-03
570	23	18	0	1.834026e-01	1.169500e-04	3.912000e-04	8.113500e-03	3.310900e-03	8.771500e-03	9.212200e-03	5.365000e-03	2.496950e-03
571	23	19	0	1.815283e-01	1.160000e-04	3.846500e-04	8.031400e-03	3.251350e-03	8.659650e-03	9.083050e-03	5.266050e-03	2.475800e-03
572	23	20	0	1.796969e-01	1.169500e-04	3.770500e-04	7.948700e-03	3.189850e-03	8.551500e-03	8.956800e-03	5.170250e-03	2.450200e-03
573	23	21	0	1.779088e-01	1.214500e-04	3.739500e-04	7.865700e-03	3.122200e-03	8.442600e-03	8.841400e-03	5.073100e-03	2.426700e-03
574	23	22	0	1.761919e-01	1.255000e-04	3.729000e-04	7.789900e-03	3.054950e-03	8.337700e-03	8.734850e-03	4.976300e-03	2.404500e-03
575	23	23	0	1.744883e-01	1.223000e-04	3.680000e-04	7.726800e-03	2.997250e-03	8.238250e-03	8.624450e-03	4.879550e-03	2.379950e-03
576	24	0	0	2.255347e-01	1.128000e-04	4.971500e-04	1.000710e-02	5.256600e-03	1.175175e-02	1.229640e-02	8.065300e-03	3.016900e-03
577	24	1	0	2.227436e-01	1.178500e-04	4.778500e-04	9.871150e-03	5.083300e-03	1.151780e-02	1.206090e-02	7.855350e-03	2.988100e-03
578	24	2	0	2.199756e-01	1.198500e-04	4.713500e-04	9.744300e-03	4.924800e-03	1.129140e-02	1.183725e-02	7.654100e-03	2.958300e-03
579	24	3	0	2.172879e-01	1.198500e-04	4.741000e-04	9.628650e-03	4.779700e-03	1.107855e-02	1.162800e-02	7.469100e-03	2.923750e-03
580	24	4	0	2.146527e-01	1.257500e-04	4.635500e-04	9.508700e-03	4.635400e-03	1.088275e-02	1.142425e-02	7.294550e-03	2.885950e-03
581	24	5	0	2.120713e-01	1.324000e-04	4.499000e-04	9.390800e-03	4.497250e-03	1.069560e-02	1.122770e-02	7.123500e-03	2.851000e-03
582	24	6	0	2.095512e-01	1.343000e-04	4.447000e-04	9.280150e-03	4.373900e-03	1.050980e-02	1.104005e-02	6.953050e-03	2.821950e-03
583	24	7	0	2.070807e-01	1.336000e-04	4.432500e-04	9.168150e-03	4.267450e-03	1.032835e-02	1.085630e-02	6.791000e-03	2.791650e-03
584	24	8	0	2.046604e-01	1.318500e-04	4.396000e-04	9.057150e-03	4.167850e-03	1.015610e-02	1.067680e-02	6.636600e-03	2.760500e-03
585	24	9	0	2.022936e-01	1.304000e-04	4.289000e-04	8.953600e-03	4.060400e-03	9.997100e-03	1.050435e-02	6.484650e-03	2.731900e-03
586	24	10	0	2.000057e-01	1.295000e-04	4.180500e-04	8.854950e-03	3.952350e-03	9.847500e-03	1.034110e-02	6.338450e-03	2.704200e-03
587	24	11	0	1.977422e-01	1.291000e-04	4.175500e-04	8.752150e-03	3.854050e-03	9.694150e-03	1.018180e-02	6.197700e-03	2.673550e-03
588	24	12	0	1.955412e-01	1.282500e-04	4.202500e-04	8.650050e-03	3.766400e-03	9.544650e-03	1.002715e-02	6.065150e-03	2.643300e-03
589	24	13	0	1.933886e-01	1.254500e-04	4.128000e-04	8.554150e-03	3.683100e-03	9.406900e-03	9.873600e-03	5.938800e-03	2.617500e-03
590	24	14	0	1.913153e-01	1.219000e-04	3.999000e-04	8.463950e-03	3.603050e-03	9.278700e-03	9.727300e-03	5.818650e-03	2.592650e-03
591	24	15	0	1.892531e-01	1.198000e-04	3.937500e-04	8.371600e-03	3.520400e-03	9.145800e-03	9.590250e-03	5.697450e-03	2.561050e-03
592	24	16	0	1.872379e-01	1.189000e-04	3.932000e-04	8.280500e-03	3.440850e-03	9.013000e-03	9.462100e-03	5.579100e-03	2.530250e-03
593	24	17	0	1.852843e-01	1.180000e-04	3.932000e-04	8.194700e-03	3.371350e-03	8.887700e-03	9.336650e-03	5.467850e-03	2.510850e-03
594	24	18	0	1.834026e-01	1.169500e-04	3.912000e-04	8.113500e-03	3.310900e-03	8.771500e-03	9.212200e-03	5.365000e-03	2.496950e-03
595	24	19	0	1.815283e-01	1.160000e-04	3.846500e-04	8.031400e-03	3.251350e-03	8.659650e-03	9.083050e-03	5.266050e-03	2.475800e-03
596	24	20	0	1.796969e-01	1.169500e-04	3.770500e-04	7.948700e-03	3.189850e-03	8.551500e-03	8.956800e-03	5.170250e-03	2.450200e-03
597	24	21	0	1.779088e-01	1.214500e-04	3.739500e-04	7.865700e-03	3.122200e-03	8.442600e-03	8.841400e-03	5.073100e-03	2.426700e-03
598	24	22	0	1.761919e-01	1.255000e-04	3.729000e-04	7.789900e-03	3.054950e-03	8.337700e-03	8.734850e-03	4.976300e-03	2.404500e-03
599	24	23	0	1.744883e-01	1.223000e-04	3.680000e-04	7.726800e-03	2.997250e-03	8.238250e-03	8.624450e-03	4.879550e-03	2.379950e-03
600	25	0	0	2.255347e-01	1.128000e-04	4.971500e-04	1.000710e-02	5.256600e-03	1.175175e-02	1.229640e-02	8.065300e-03	3.016900e-03
601	25	1	0	2.227436e-01	1.178500e-04	4.778500e-04	9.871150e-03	5.083300e-03	1.151780e-02	1.206090e-02	7.855350e-03	2.988100e-03
602	25	2	0	2.199756e-01	1.198500e-04	4.713500e-04	9.744300e-03	4.924800e-03	1.129140e-02	1.183725e-02	7.654100e-03	2.958300e-03
603	25	3	0	2.172879e-01	1.198500e-04	4.741000e-04	9.628650e-03	4.779700e-03	1.107855e-02	1.162800e-02	7.469100e-03	2.923750e-03
604	25	4	0	2.146527e-01	1.257500e-04	4.635500e-04	9.508700e-03	4.635400e-03	1.088275e-02	1.142425e-02	7.294550e-03	2.885950e-03
605	25	5	0	2.120713e-01	1.324000e-04	4.499000e-04	9.390800e-03	4.497250e-03	1.069560e-02	1.122770e-02	7.123500e-03	2.851000e-03
606	25	6	0	2.095512e-01	1.343000e-04	4.447000e-04	9.280150e-03	4.373900e-03	1.050980e-02	1.104005e-02	6.953050e-03	2.821950e-03
607	25	7	0	2.070807e-01	1.336000e-04	4.432500e-04	9.168150e-03	4.267450e-03	1.032835e-02	1.085630e-02	6.791000e-03	2.791650e-03
608	25	8	0	2.046604e-01	1.318500e-04	4.396000e-04	9.057150e-03	4.167850e-03	1.015610e-02	1.067680e-02	6.636600e-03	2.760500e-03
609	25	9	0	2.022936e-01	1.304000e-04	4.289000e-04	8.953600e-03	4.060400e-03	9.997100e-03	1.050435e-02	6.484650e-03	2.731900e-03
610	25	10	0	2.000057e-01	1.295000e-04	4.180500e-04	8.854950e-03	3.952350e-03	9.847500e-03	1.034110e-02	6.338450e-03	2.704200e-03
611	25	11	0	1.977422e-01	1.291000e-04	4.175500e-04	8.752150e-03	3.854050e-03	9.694150e-03	1.018180e-02	6.197700e-03	2.673550e-03
612	25	12	0	1.955412e-01	1.282500e-04	4.202500e-04	8.650050e-03	3.766400e-03	9.544650e-03	1.002715e-02	6.065150e-03	2.643300e-03
613	25	13	0	1.933886e-01	1.254500e-04	4.128000e-04	8.554150e-03	3.683100e-03	9.406900e-03	9.873600e-03	5.938800e-03	2.617500e-03
614	25	14	0	1.913153e-01	1.219000e-04	3.999000e-04	8.463950e-03	3.603050e-03	9.278700e-03	9.727300e-03	5.818650e-03	2.592650e-03
615	25	15	0	1.892531e-01	1.198000e-04	3.937500e-04	8.371600e-03	3.520400e-03	9.145800e-03	9.590250e-03	5.697450e-03	2.561050e-03
616	25	16	0	1.872379e-01	1.189000e-04	3.932000e-04	8.280500e-03	3.440850e-03	9.013000e-03	9.462100e-03	5.579100e-03	2.530250e-03
617	25	17	0	1.852843e-01	1.180000e-04	3.932000e-04	8.194700e-03	3.371350e-03	8.887700e-03	9.336650e-03	5.467850e-03	2.510850e-03
618	25	18	0	1.834026e-01	1.169500e-04	3.912000e-04	8.113500e-03	3.310900e-03	8.771500e-03	9.212200e-03	5.365000e-03	2.496950e-03
619	25	19	0	1.815283e-01	1.160000e-04	3.846500e-04	8.031400e-03	3.251350e-03	8.659650e-03	9.083050e-03	5.266050e-03	2.475800e-03
620	25	20	0	1.796969e-01	1.169500e-04	3.770500e-04	7.948700e-03	3.189850e-03	8.551500e-03	8.956800e-03	5.170250e-03	2.450200e-03
621	25	21	0	1.779088e-01	1.214500e-04	3.739500e-04	7.865700e-03	3.122200e-03	8.442600e-03	8.841400e-03	5.073100e-03	2.426700e-03
622	25	22	0	1.761919e-01	1.255000e-04	3.729000e-04	7.789900e-03	3.054950e-03	8.337700e-03	8.734850e-03	4.976300e-03	2.404500e-03
623	25	23	0	1.744883e-01	1.223000e-04	3.680000e-04	7.726800e-03	2.997250e-03	8.238250e-03	8.624450e-03	4.879550e-03	2.379950e-03
624	26	0	0	2.255347e-01	1.128000e-04	4.971500e-04	1.000710e-02	5.256600e-03	1.175175e-02	1.229640e-02	8.065300e-03	3.016900e-03
625	26	1	0	2.227436e-01	1.178500e-04	4.778500e-04	9.871150e-03	5.083300e-03	1.151780e-02	1.206090e-02	7.855350e-03	2.988100e-03
626	26	2	0	2.199756e-01	1.198500e-04	4.713500e-04	9.744300e-03	4.924800e-03	1.129140e-02	1.183725e-02	7.654100e-03	2.958300e-03
627	26	3	0	2.172879e-01	1.198500e-04	4.741000e-04	9.628650e-03	4.779700e-03	1.107855e-02	1.162800e-02	7.469100e-03	2.923750e-03
628	26	4	0	2.146527e-01	1.257500e-04	4.635500e-04	9.508700e-03	4.635400e-03	1.088275e-02	1.142425e-02	7.294550e-03	2.885950e-03
629	26	5	0	2.120713e-01	1.324000e-04	4.499000e-04	9.390800e-03	4.497250e-03	1.069560e-02	1.122770e-02	7.123500e-03	2.851000e-03
630	26	6	0	2.095512e-01	1.343000e-04	4.447000e-04	9.280150e-03	4.373900e-03	1.050980e-02	1.104005e-02	6.953050e-03	2.821950e-03
631	26	7	0	2.070807e-01	1.336000e-04	4.432500e-04	9.168150e-03	4.267450e-03	1.032835e-02	1.085630e-02	6.791000e-03	2.791650e-03
632	26	8	0	2.046604e-01	1.318500e-04	4.396000e-04	9.057150e-03	4.167850e-03	1.015610e-02	1.067680e-02	6.636600e-03	2.760500e-03
633	26	9	0	2.022936e-01	1.304000e-04	4.289000e-04	8.953600e-03	4.060400e-03	9.997100e-03	1.050435e-02	6.484650e-03	2.731900e-03
634	26	10	0	2.000057e-01	1.295000e-04	4.180500e-04	8.854950e-03	3.952350e-03	9.847500e-03	1.034110e-02	6.338450e-03	2.704200e-03
635	26	11	0	1.977422e-01	1.291000e-04	4.175500e-04	8.752150e-03	3.854050e-03	9.694150e-03	1.018180e-02	6.197700e-03	2.673550e-03
636	26	12	0	1.955412e-01	1.282500e-04	4.202500e-04	8.650050e-03	3.766400e-03	9.544650e-03	1.002715e-02	6.065150e-03	2.643300e-03
637	26	13	0	1.933886e-01	1.254500e-04	4.128000e-04	8.554150e-03	3.683100e-03	9.406900e-03	9.873600e-03	5.938800e-03	2.617500e-03
638	26	14	0	1.913153e-01	1.219000e-04	3.999000e-04	8.463950e-03	3.603050e-03	9.278700e-03	9.727300e-03	5.818650e-03	2.592650e-03
639	26	15	0	1.892531e-01	1.198000e-04	3.937500e-04	8.371600e-03	3.520400e-03	9.145800e-03	9.590250e-03	5.697450e-03	2.561050e-03
640	26	16	0	1.872379e-01	1.189000e-04	3.932000e-04	8.280500e-03	3.440850e-03	9.013000e-03	9.462100e-03	5.579100e-03	2.530250e-03
641	26	17	0	1.852843e-01	1.180000e-04	3.932000e-04	8.194700e-03	3.371350e-03	8.887700e-03	9.336650e-03	5.467850e-03	2.510850e-03
642	26	18	0	1.834026e-01	1.169500e-04	3.912000e-04	8.113500e-03	3.310900e-03	8.771500e-03	9.212200e-03	5.365000e-03	2.496950e-03
643	26	19	0	1.815283e-01	1.160000e-04	3.846500e-04	8.031400e-03	3.251350e-03	8.659650e-03	9.083050e-03	5.266050e-03	2.475800e-03
644	26	20	0	1.796969e-01	1.169500e-04	3.770500e-04	7.948700e-03	3.189850e-03	8.551500e-03	8.956800e-03	5.170250e-03	2.450200e-03
645	26	21	0	1.779088e-01	1.214500e-04	3.739500e-04	7.865700e-03	3.122200e-03	8.442600e-03	8.841400e-03	5.073100e-03	2.426700e-03
646	26	22	0	1.761919e-01	1.255000e-04	3.729000e-04	7.789900e-03	3.054950e-03	8.337700e-03	8.734850e-03	4.976300e-03	2.404500e-03
647	26	23	0	1.744883e-01	1.223000e-04	3.680000e-04	7.726800e-03	2.997250e-03	8.238250e-03	8.624450e-03	4.879550e-03	2.379950e-03
648	27	0	0	2.255347e-01	1.128000e-04	4.971500e-04	1.000710e-02	5.256600e-03	1.175175e-02	1.229640e-02	8.065300e-03	3.016900e-03
649	27	1	0	2.227436e-01	1.178500e-04	4.778500e-04	9.871150e-03	5.083300e-03	1.151780e-02	1.206090e-02	7.855350e-03	2.988100e-03
650	27	2	0	2.199756e-01	1.198500e-04	4.713500e-04	9.744300e-03	4.924800e-03	1.129140e-02	1.183725e-02	7.654100e-03	2.958300e-03
651	27	3	0	2.172879e-01	1.198500e-04	4.741000e-04	9.628650e-03	4.779700e-03	1.107855e-02	1.162800e-02	7.469100e-03	2.923750e-03
652	27	4	0	2.146527e-01	1.257500e-04	4.635500e-04	9.508700e-03	4.635400e-03	1.088275e-02	1.142425e-02	7.294550e-03	2.885950e-03
653	27	5	0	2.120713e-01	1.324000e-04	4.499000e-04	9.390800e-03	4.497250e-03	1.069560e-02	1.122770e-02	7.123500e-03	2.851000e-03
654	27	6	0	2.095512e-01	1.343000e-04	4.447000e-04	9.280150e-03	4.373900e-03	1.050980e-02	1.104005e-02	6.953050e-03	2.821950e-03
655	27	7	0	2.070807e-01	1.336000e-04	4.432500e-04	9.168150e-03	4.267450e-03	1.032835e-02	1.085630e-02	6.791000e-03	2.791650e-03
656	27	8	0	2.046604e-01	1.318500e-04	4.396000e-04	9.057150e-03	4.167850e-03	1.015610e-02	1.067680e-02	6.636600e-03	2.760500e-03
657	27	9	0	2.022936e-01	1.304000e-04	4.289000e-04	8.953600e-03	4.060400e-03	9.997100e-03	1.050435e-02	6.484650e-03	2.731900e-03
658	27	10	0	2.000057e-01	1.295000e-04	4.180500e-04	8.854950e-03	3.952350e-03	9.847500e-03	1.034110e-02	6.338450e-03	2.704200e-03
659	27	11	0	1.977422e-01	1.291000e-04	4.175500e-04	8.752150e-03	3.854050e-03	9.694150e-03	1.018180e-02	6.197700e-03	2.673550e-03
660	27	12	0	1.955412e-01	1.282500e-04	4.202500e-04	8.650050e-03	3.766400e-03	9.544650e-03	1.002715e-02	6.065150e-03	2.643300e-03
661	27	13	0	1.933886e-01	1.254500e-04	4.128000e-04	8.554150e-03	3.683100e-03	9.406900e-03	9.873600e-03	5.938800e-03	2.617500e-03
662	27	14	0	1.913153e-01	1.219000e-04	3.999000e-04	8.463950e-03	3.603050e-03	9.278700e-03	9.727300e-03	5.818650e-03	2.592650e-03
663	27	15	0	1.892531e-01	1.198000e-04	3.937500e-04	8.371600e-03	3.520400e-03	9.145800e-03	9.590250e-03	5.697450e-03	2.561050e-03
664	27	16	0	1.872379e-01	1.189000e-04	3.932000e-04	8.280500e-03	3.440850e-03	9.013000e-03	9.462100e-03	5.579100e-03	2.530250e-03
665	27	17	0	1.852843e-01	1.180000e-04	3.932000e-04	8.194700e-03	3.371350e-03	8.887700e-03	9.336650e-03	5.467850e-03	2.510850e-03
666	27	18	0	1.834026e-01	1.169500e-04	3.912000e-04	8.113500e-03	3.310900e-03	8.771500e-03	9.212200e-03	5.365000e-03	2.496950e-03
667	27	19	0	1.815283e-01	1.160000e-04	3.846500e-04	8.031400e-03	3.251350e-03	8.659650e-03	9.083050e-03	5.266050e-03	2.475800e-03
668	27	20	0	1.796969e-01	1.169500e-04	3.770500e-04	7.948700e-03	3.189850e-03	8.551500e-03	8.956800e-03	5.170250e-03	2.450200e-03
669	27	21	0	1.779088e-01	1.214500e-04	3.739500e-04	7.865700e-03	3.122200e-03	8.442600e-03	8.841400e-03	5.073100e-03	2.426700e-03
670	27	22	0	1.761919e-01	1.255000e-04	3.729000e-04	7.789900e-03	3.054950e-03	8.337700e-03	8.734850e-03	4.976300e-03	2.404500e-03
671	27	23	0	1.744883e-01	1.223000e-04	3.680000e-04	7.726800e-03	2.997250e-03	8.238250e-03	8.624450e-03	4.879550e-03	2.379950e-03
672	28	0	0	2.255347e-01	1.128000e-04	4.971500e-04	1.000710e-02	5.256600e-03	1.175175e-02	1.229640e-02	8.065300e-03	3.016900e-03
673	28	1	0	2.227436e-01	1.178500e-04	4.778500e-04	9.871150e-03	5.083300e-03	1.151780e-02	1.206090e-02	7.855350e-03	2.988100e-03
674	28	2	0	2.199756e-01	1.198500e-04	4.713500e-04	9.744300e-03	4.924800e-03	1.129140e-02	1.183725e-02	7.654100e-03	2.958300e-03
675	28	3	0	2.172879e-01	1.198500e-04	4.741000e-04	9.628650e-03	4.779700e-03	1.107855e-02	1.162800e-02	7.469100e-03	2.923750e-03
676	28	4	0	2.146527e-01	1.257500e-04	4.635500e-04	9.508700e-03	4.635400e-03	1.088275e-02	1.142425e-02	7.294550e-03	2.885950e-03
677	28	5	0	2.120713e-01	1.324000e-04	4.499000e-04	9.390800e-03	4.497250e-03	1.069560e-02	1.122770e-02	7.123500e-03	2.851000e-03
678	28	6	0	2.095512e-01	1.343000e-04	4.447000e-04	9.280150e-03	4.373900e-03	1.050980e-02	1.104005e-02	6.953050e-03	2.821950e-03
679	28	7	0	2.070807e-01	1.336000e-04	4.432500e-04	9.168150e-03	4.267450e-03	1.032835e-02	1.085630e-02	6.791000e-03	2.791650e-03
680	28	8	0	2.046604e-01	1.318500e-04	4.396000e-04	9.057150e-03	4.167850e-03	1.015610e-02	1.067680e-02	6.636600e-03	2.760500e-03
681	28	9	0	2.022936e-01	1.304000e-04	4.289000e-04	8.953600e-03	4.060400e-03	9.997100e-03	1.050435e-02	6.484650e-03	2.731900e-03
682	28	10	0	2.000057e-01	1.295000e-04	4.180500e-04	8.854950e-03	3.952350e-03	9.847500e-03	1.034110e-02	6.338450e-03	2.704200e-03
683	28	11	0	1.977422e-01	1.291000e-04	4.175500e-04	8.752150e-03	3.854050e-03	9.694150e-03	1.018180e-02	6.197700e-03	2.673550e-03
684	28	12	0	1.955412e-01	1.282500e-04	4.202500e-04	8.650050e-03	3.766400e-03	9.544650e-03	1.002715e-02	6.065150e-03	2.643300e-03
685	28	13	0	1.933886e-01	1.254500e-04	4.128000e-04	8.554150e-03	3.683100e-03	9.406900e-03	9.873600e-03	5.938800e-03	2.617500e-03
686	28	14	0	1.913153e-01	1.219000e-04	3.999000e-04	8.463950e-03	3.603050e-03	9.278700e-03	9.727300e-03	5.818650e-03	2.592650e-03
687	28	15	0	1.892531e-01	1.198000e-04	3.937500e-04	8.371600e-03	3.520400e-03	9.145800e-03	9.590250e-03	5.697450e-03	2.561050e-03
688	28	16	0	1.872379e-01	1.189000e-04	3.932000e-04	8.280500e-03	3.440850e-03	9.013000e-03	9.462100e-03	5.579100e-03	2.530250e-03
689	28	17	0	1.852843e-01	1.180000e-04	3.932000e-04	8.194700e-03	3.371350e-03	8.887700e-03	9.336650e-03	5.467850e-03	2.510850e-03
690	28	18	0	1.834026e-01	1.169500e-04	3.912000e-04	8.113500e-03	3.310900e-03	8.771500e-03	9.212200e-03	5.365000e-03	2.496950e-03
691	28	19	0	1.815283e-01	1.160000e-04	3.846500e-04	8.031400e-03	3.251350e-03	8.659650e-03	9.083050e-03	5.266050e-03	2.475800e-03
692	28	20	0	1.796969e-01	1.169500e-04	3.770500e-04	7.948700e-03	3.189850e-03	8.551500e-03	8.956800e-03	5.170250e-03	2.450200e-03
693	28	21	0	1.779088e-01	1.214500e-04	3.739500e-04	7.865700e-03	3.122200e-03	8.442600e-03	8.841400e-03	5.073100e-03	2.426700e-03
694	28	22	0	1.761919e-01	1.255000e-04	3.729000e-04	7.789900e-03	3.054950e-03	8.337700e-03	8.734850e-03	4.976300e-03	2.404500e-03
695	28	23	0	1.744883e-01	1.223000e-04	3.680000e-04	7.726800e-03	2.997250e-03	8.238250e-03	8.624450e-03	4.879550e-03	2.379950e-03
696	29	0	0	2.255347e-01	1.128000e-04	4.971500e-04	1.000710e-02	5.256600e-03	1.175175e-02	1.229640e-02	8.065300e-03	3.016900e-03
697	29	1	0	2.227436e-01	1.178500e-04	4.778500e-04	9.871150e-03	5.083300e-03	1.151780e-02	1.206090e-02	7.855350e-03	2.988100e-03
698	29	2	0	2.199756e-01	1.198500e-04	4.713500e-04	9.744300e-03	4.924800e-03	1.129140e-02	1.183725e-02	7.654100e-03	2.958300e-03
699	29	3	0	2.172879e-01	1.198500e-04	4.741000e-04	9.628650e-03	4.779700e-03	1.107855e-02	1.162800e-02	7.469100e-03	2.923750e-03
700	29	4	0	2.146527e-01	1.257500e-04	4.635500e-04	9.508700e-03	4.635400e-03	1.088275e-02	1.142425e-02	7.294550e-03	2.885950e-03
701	29	5	0	2.120713e-01	1.324000e-04	4.499000e-04	9.390800e-03	4.497250e-03	1.069560e-02	1.122770e-02	7.123500e-03	2.851000e-03
702	29	6	0	2.095512e-01	1.343000e-04	4.447000e-04	9.280150e-03	4.373900e-03	1.050980e-02	1.104005e-02	6.953050e-03	2.821950e-03
703	29	7	0	2.070807e-01	1.336000e-04	4.432500e-04	9.168150e-03	4.267450e-03	1.032835e-02	1.085630e-02	6.791000e-03	2.791650e-03
704	29	8	0	2.046604e-01	1.318500e-04	4.396000e-04	9.057150e-03	4.167850e-03	1.015610e-02	1.067680e-02	6.636600e-03	2.760500e-03
705	29	9	0	2.022936e-01	1.304000e-04	4.289000e-04	8.953600e-03	4.060400e-03	9.997100e-03	1.050435e-02	6.484650e-03	2.731900e-03
706	29	10	0	2.000057e-01	1.295000e-04	4.180500e-04	8.854950e-03	3.952350e-03	9.847500e-03	1.034110e-02	6.338450e-03	2.704200e-03
707	29	11	0	1.977422e-01	1.291000e-04	4.175500e-04	8.752150e-03	3.854050e-03	9.694150e-03	1.018180e-02	6.197700e-03	2.673550e-03
708	29	12	0	1.955412e-01	1.282500e-04	4.202500e-04	8.650050e-03	3.766400e-03	9.544650e-03	1.002715e-02	6.065150e-03	2.643300e-03
709	29	13	0	1.933886e-01	1.254500e-04	4.128000e-04	8.554150e-03	3.683100e-03	9.406900e-03	9.873600e-03	5.938800e-03	2.617500e-03
710	29	14	0	1.913153e-01	1.219000e-04	3.999000e-04	8.463950e-03	3.603050e-03	9.278700e-03	9.727300e-03	5.818650e-03	2.592650e-03
711	29	15	0	1.892531e-01	1.198000e-04	3.937500e-04	8.371600e-03	3.520400e-03	9.145800e-03	9.590250e-03	5.697450e-03	2.561050e-03
712	29	16	0	1.872379e-01	1.189000e-04	3.932000e-04	8.280500e-03	3.440850e-03	9.013000e-03	9.462100e-03	5.579100e-03	2.530250e-03
713	29	17	0	1.852843e-01	1.180000e-04	3.932000e-04	8.194700e-03	3.371350e-03	8.887700e-03	9.336650e-03	5.467850e-03	2.510850e-03
714	29	18	0	1.834026e-01	1.169500e-04	3.912000e-04	8.113500e-03	3.310900e-03	8.771500e-03	9.212200e-03	5.365000e-03	2.496950e-03
715	29	19	0	1.815283e-01	1.160000e-04	3.846500e-04	8.031400e-03	3.251350e-03	8.659650e-03	9.083050e-03	5.266050e-03	2.475800e-03
716	29	20	0	1.796969e-01	1.169500e-04	3.770500e-04	7.948700e-03	3.189850e-03	8.551500e-03	8.956800e-03	5.170250e-03	2.450200e-03
717	29	21	0	1.779088e-01	1.214500e-04	3.739500e-04	7.865700e-03	3.122200e-03	8.442600e-03	8.841400e-03	5.073100e-03	2.426700e-03
718	29	22	0	1.761919e-01	1.255000e-04	3.729000e-04	7.789900e-03	3.054950e-03	8.337700e-03	8.734850e-03	4.976300e-03	2.404500e-03
719	29	23	0	1.744883e-01	1.223000e-04	3.680000e-04	7.726800e-03	2.997250e-03	8.238250e-03	8.624450e-03	4.879550e-03	2.379950e-03
