xbins=30
Q2bins=24
Ebins=1
id	x	Q2	E	Central_Value	Replica_1	Replica_2	Replica_3	Replica_4	Replica_5	Replica_6	Replica_7	Replica_8
0	0	0	0	3.383649e-04	9.211770e-05	3.626475e-05	6.064315e-05	1.630715e-05	5.893805e-05	2.807630e-05	2.395335e-05	4.228840e-05
1	0	1	0	3.735031e-04	9.633130e-05	3.788645e-05	6.254245e-05	1.705100e-05	6.095295e-05	2.863600e-05	2.492310e-05	4.511640e-05
2	0	2	0	4.046793e-04	9.959650e-05	3.915585e-05	6.381300e-05	1.761195e-05	6.231880e-05	2.885125e-05	2.565420e-05	4.750260e-05
3	0	3	0	4.306254e-04	1.020234e-04	4.015505e-05	6.457210e-05	1.801980e-05	6.310370e-05	2.872890e-05	2.617095e-05	4.946600e-05
4	0	4	0	4.522396e-04	1.039805e-04	4.105085e-05	6.507075e-05	1.836375e-05	6.354660e-05	2.836400e-05	2.655395e-05	5.115855e-05
5	0	5	0	4.719255e-04	1.053890e-04	4.167960e-05	6.523795e-05	1.861160e-05	6.373590e-05	2.794950e-05	2.680040e-05	5.254245e-05
6	0	6	0	4.913856e-04	1.062156e-04	4.195065e-05	6.504300e-05	1.872325e-05	6.372960e-05	2.761980e-05	2.692900e-05	5.359105e-05
7	0	7	0	5.091206e-04	1.067009e-04	4.211095e-05	6.466810e-05	1.871220e-05	6.352375e-05	2.724400e-05	2.701670e-05	5.438950e-05
8	0	8	0	5.251109e-04	1.069045e-04	4.217210e-05	6.413310e-05	1.863195e-05	6.316260e-05	2.680930e-05	2.704240e-05	5.498685e-05
9	0	9	0	5.401075e-04	1.068211e-04	4.204820e-05	6.340165e-05	1.855480e-05	6.272150e-05	2.636805e-05	2.694850e-05	5.543205e-05
10	0	10	0	5.537951e-04	1.064691e-04	4.177785e-05	6.253165e-05	1.845950e-05	6.219840e-05	2.594915e-05	2.676625e-05	5.574475e-05
11	0	11	0	5.664051e-04	1.059544e-04	4.147060e-05	6.163260e-05	1.830650e-05	6.159620e-05	2.557010e-05	2.657645e-05	5.599000e-05
12	0	12	0	5.777261e-04	1.052983e-04	4.112680e-05	6.068115e-05	1.810310e-05	6.094630e-05	2.520570e-05	2.638385e-05	5.609165e-05
13	0	13	0	5.880876e-04	1.045443e-04	4.073190e-05	5.962165e-05	1.787725e-05	6.029060e-05	2.480030e-05	2.617915e-05	5.597970e-05
14	0	14	0	5.973072e-04	1.036919e-04	4.027775e-05	5.852000e-05	1.764460e-05	5.961225e-05	2.438245e-05	2.595160e-05	5.576080e-05
15	0	15	0	6.058834e-04	1.027402e-04	3.976170e-05	5.746515e-05	1.741860e-05	5.885915e-05	2.399460e-05	2.568455e-05	5.565445e-05
16	0	16	0	6.136234e-04	1.017302e-04	3.923205e-05	5.643280e-05	1.718435e-05	5.808285e-05	2.362045e-05	2.540140e-05	5.553915e-05
17	0	17	0	6.204979e-04	1.007137e-04	3.874660e-05	5.535085e-05	1.691790e-05	5.735180e-05	2.322325e-05	2.513500e-05	5.521485e-05
18	0	18	0	6.265004e-04	9.967615e-05	3.826130e-05	5.424900e-05	1.664210e-05	5.662790e-05	2.283115e-05	2.486915e-05	5.478515e-05
19	0	19	0	6.320671e-04	9.856375e-05	3.769105e-05	5.315500e-05	1.638890e-05	5.582470e-05	2.247845e-05	2.456650e-05	5.444640e-05
20	0	20	0	6.370317e-04	9.740730e-05	3.709540e-05	5.208370e-05	1.614585e-05	5.500160e-05	2.215625e-05	2.424120e-05	5.411975e-05
21	0	21	0	6.413870e-04	9.624195e-05	3.656640e-05	5.101695e-05	1.587820e-05	5.424360e-05	2.182690e-05	2.392165e-05	5.364770e-05
22	0	22	0	6.450661e-04	9.507965e-05	3.606935e-05	4.996680e-05	1.559055e-05	5.352745e-05	2.149380e-05	2.362775e-05	5.310055e-05
23	0	23	0	6.483909e-04	9.388920e-05	3.550180e-05	4.890590e-05	1.529150e-05	5.275360e-05	2.115685e-05	2.336160e-05	5.262965e-05
24	1	0	0	3.383649e-04	9.211770e-05	3.626475e-05	6.064315e-05	1.630715e-05	5.893805e-05	2.807630e-05	2.395335e-05	4.228840e-05
25	1	1	0	3.735031e-04	9.633130e-05	3.788645e-05	6.254245e-05	1.705100e-05	6.095295e-05	2.863600e-05	2.492310e-05	4.511640e-05
26	1	2	0	4.046793e-04	9.959650e-05	3.915585e-05	6.381300e-05	1.761195e-05	6.231880e-05	2.885125e-05	2.565420e-05	4.750260e-05
27	1	3	0	4.306254e-04	1.020234e-04	4.015505e-05	6.457210e-05	1.801980e-05	6.310370e-05	2.872890e-05	2.617095e-05	4.946600e-05
28	1	4	0	4.522396e-04	1.039805e-04	4.105085e-05	6.507075e-05	1.836375e-05	6.354660e-05	2.836400e-05	2.655395e-05	5.115855e-05
29	1	5	0	4.719255e-04	1.053890e-04	4.167960e-05	6.523795e-05	1.861160e-05	6.373590e-05	2.794950e-05	2.680040e-05	5.254245e-05
30	1	6	0	4.913856e-04	1.062156e-04	4.195065e-05	6.504300e-05	1.872325e-05	6.372960e-05	2.761980e-05	2.692900e-05	5.359105e-05
31	1	7	0	5.091206e-04	1.067009e-04	4.211095e-05	6.466810e-05	1.871220e-05	6.352375e-05	2.724400e-05	2.701670e-05	5.438950e-05
32	1	8	0	5.251109e-04	1.069045e-04	4.217210e-05	6.413310e-05	1.863195e-05	6.316260e-05	2.680930e-05	2.704240e-05	5.498685e-05
33	1	9	0	5.401075e-04	1.068211e-04	4.204820e-05	6.340165e-05	1.855480e-05	6.272150e-05	2.636805e-05	2.694850e-05	5.543205e-05
34	1	10	0	5.537951e-04	1.064691e-04	4.177785e-05	6.253165e-05	1.845950e-05	6.219840e-05	2.594915e-05	2.676625e-05	5.574475e-05
35	1	11	0	5.664051e-04	1.059544e-04	4.147060e-05	6.163260e-05	1.830650e-05	6.159620e-05	2.557010e-05	2.657645e-05	5.599000e-05
36	1	12	0	5.777261e-04	1.052983e-04	4.112680e-05	6.068115e-05	1.810310e-05	6.094630e-05	2.520570e-05	2.638385e-05	5.609165e-05
37	1	13	0	5.880876e-04	1.045443e-04	4.073190e-05	5.962165e-05	1.787725e-05	6.029060e-05	2.480030e-05	2.617915e-05	5.597970e-05
38	1	14	0	5.973072e-04	1.036919e-04	4.027775e-05	5.852000e-05	1.764460e-05	5.961225e-05	2.438245e-05	2.595160e-05	5.576080e-05
39	1	15	0	6.058834e-04	1.027402e-04	3.976170e-05	5.746515e-05	1.741860e-05	5.885915e-05	2.399460e-05	2.568455e-05	5.565445e-05
40	1	16	0	6.136234e-04	1.017302e-04	3.923205e-05	5.643280e-05	1.718435e-05	5.808285e-05	2.362045e-05	2.540140e-05	5.553915e-05
41	1	17	0	6.204979e-04	1.007137e-04	3.874660e-05	5.535085e-05	1.691790e-05	5.735180e-05	2.322325e-05	2.513500e-05	5.521485e-05
42	1	18	0	6.265004e-04	9.967615e-05	3.826130e-05	5.424900e-05	1.664210e-05	5.662790e-05	2.283115e-05	2.486915e-05	5.478515e-05
43	1	19	0	6.320671e-04	9.856375e-05	3.769105e-05	5.315500e-05	1.638890e-05	5.582470e-05	2.247845e-05	2.456650e-05	5.444640e-05
44	1	20	0	6.370317e-04	9.740730e-05	3.709540e-05	5.208370e-05	1.614585e-05	5.500160e-05	2.215625e-05	2.424120e-05	5.411975e-05
45	1	21	0	6.413870e-04	9.624195e-05	3.656640e-05	5.101695e-05	1.587820e-05	5.424360e-05	2.182690e-05	2.392165e-05	5.364770e-05
46	1	22	0	6.450661e-04	9.507965e-05	3.606935e-05	4.996680e-05	1.559055e-05	5.352745e-05	2.149380e-05	2.362775e-05	5.310055e-05
47	1	23	0	6.483909e-04	9.388920e-05	3.550180e-05	4.890590e-05	1.529150e-05	5.275360e-05	2.115685e-05	2.336160e-05	5.262965e-05
48	2	0	0	3.383649e-04	9.211770e-05	3.626475e-05	6.064315e-05	1.630715e-05	5.893805e-05	2.807630e-05	2.395335e-05	4.228840e-05
49	2	1	0	3.735031e-04	9.633130e-05	3.788645e-05	6.254245e-05	1.705100e-05	6.095295e-05	2.863600e-05	2.492310e-05	4.511640e-05
50	2	2	0	4.046793e-04	9.959650e-05	3.915585e-05	6.381300e-05	1.761195e-05	6.231880e-05	2.885125e-05	2.565420e-05	4.750260e-05
51	2	3	0	4.306254e-04	1.020234e-04	4.015505e-05	6.457210e-05	1.801980e-05	6.310370e-05	2.872890e-05	2.617095e-05	4.946600e-05
52	2	4	0	4.522396e-04	1.039805e-04	4.105085e-05	6.507075e-05	1.836375e-05	6.354660e-05	2.836400e-05	2.655395e-05	5.115855e-05
53	2	5	0	4.719255e-04	1.053890e-04	4.167960e-05	6.523795e-05	1.861160e-05	6.373590e-05	2.794950e-05	2.680040e-05	5.254245e-05
54	2	6	0	4.913856e-04	1.062156e-04	4.195065e-05	6.504300e-05	1.872325e-05	6.372960e-05	2.761980e-05	2.692900e-05	5.359105e-05
55	2	7	0	5.091206e-04	1.067009e-04	4.211095e-05	6.466810e-05	1.871220e-05	6.352375e-05	2.724400e-05	2.701670e-05	5.438950e-05
56	2	8	0	5.251109e-04	1.069045e-04	4.217210e-05	6.413310e-05	1.863195e-05	6.316260e-05	2.680930e-05	2.704240e-05	5.498685e-05
57	2	9	0	5.401075e-04	1.068211e-04	4.204820e-05	6.340165e-05	1.855480e-05	6.272150e-05	2.636805e-05	2.694850e-05	5.543205e-05
58	2	10	0	5.537951e-04	1.064691e-04	4.177785e-05	6.253165e-05	1.845950e-05	6.219840e-05	2.594915e-05	2.676625e-05	5.574475e-05
59	2	11	0	5.664051e-04	1.059544e-04	4.147060e-05	6.163260e-05	1.830650e-05	6.159620e-05	2.557010e-05	2.657645e-05	5.599000e-05
60	2	12	0	5.777261e-04	1.052983e-04	4.112680e-05	6.068115e-05	1.810310e-05	6.094630e-05	2.520570e-05	2.638385e-05	5.609165e-05
61	2	13	0	5.880876e-04	1.045443e-04	4.073190e-05	5.962165e-05	1.787725e-05	6.029060e-05	2.480030e-05	2.617915e-05	5.597970e-05
62	2	14	0	5.973072e-04	1.036919e-04	4.027775e-05	5.852000e-05	1.764460e-05	5.961225e-05	2.438245e-05	2.595160e-05	5.576080e-05
63	2	15	0	6.058834e-04	1.027402e-04	3.976170e-05	5.746515e-05	1.741860e-05	5.885915e-05	2.399460e-05	2.568455e-05	5.565445e-05
64	2	16	0	6.136234e-04	1.017302e-04	3.923205e-05	5.643280e-05	1.718435e-05	5.808285e-05	2.362045e-05	2.540140e-05	5.553915e-05
65	2	17	0	6.204979e-04	1.007137e-04	3.874660e-05	5.535085e-05	1.691790e-05	5.735180e-05	2.322325e-05	2.513500e-05	5.521485e-05
66	2	18	0	6.265004e-04	9.967615e-05	3.826130e-05	5.424900e-05	1.664210e-05	5.662790e-05	2.283115e-05	2.486915e-05	5.478515e-05
67	2	19	0	6.320671e-04	9.856375e-05	3.769105e-05	5.315500e-05	1.638890e-05	5.582470e-05	2.247845e-05	2.456650e-05	5.444640e-05
68	2	20	0	6.370317e-04	9.740730e-05	3.709540e-05	5.208370e-05	1.614585e-05	5.500160e-05	2.215625e-05	2.424120e-05	5.411975e-05
69	2	21	0	6.413870e-04	9.624195e-05	3.656640e-05	5.101695e-05	1.587820e-05	5.424360e-05	2.182690e-05	2.392165e-05	5.364770e-05
70	2	22	0	6.450661e-04	9.507965e-05	3.606935e-05	4.996680e-05	1.559055e-05	5.352745e-05	2.149380e-05	2.362775e-05	5.310055e-05
71	2	23	0	6.483909e-04	9.388920e-05	3.550180e-05	4.890590e-05	1.529150e-05	5.275360e-05	2.115685e-05	2.336160e-05	5.262965e-05
72	3	0	0	3.383649e-04	9.211770e-05	3.626475e-05	6.064315e-05	1.630715e-05	5.893805e-05	2.807630e-05	2.395335e-05	4.228840e-05
73	3	1	0	3.735031e-04	9.633130e-05	3.788645e-05	6.254245e-05	1.705100e-05	6.095295e-05	2.863600e-05	2.492310e-05	4.511640e-05
74	3	2	0	4.046793e-04	9.959650e-05	3.915585e-05	6.381300e-05	1.761195e-05	6.231880e-05	2.885125e-05	2.565420e-05	4.750260e-05
75	3	3	0	4.306254e-04	1.020234e-04	4.015505e-05	6.457210e-05	1.801980e-05	6.310370e-05	2.872890e-05	2.617095e-05	4.946600e-05
76	3	4	0	4.522396e-04	1.039805e-04	4.105085e-05	6.507075e-05	1.836375e-05	6.354660e-05	2.836400e-05	2.655395e-05	5.115855e-05
77	3	5	0	4.719255e-04	1.053890e-04	4.167960e-05	6.523795e-05	1.861160e-05	6.373590e-05	2.794950e-05	2.680040e-05	5.254245e-05
78	3	6	0	4.913856e-04	1.062156e-04	4.195065e-05	6.504300e-05	1.872325e-05	6.372960e-05	2.761980e-05	2.692900e-05	5.359105e-05
79	3	7	0	5.091206e-04	1.067009e-04	4.211095e-05	6.466810e-05	1.871220e-05	6.352375e-05	2.724400e-05	2.701670e-05	5.438950e-05
80	3	8	0	5.251109e-04	1.069045e-04	4.217210e-05	6.413310e-05	1.863195e-05	6.316260e-05	2.680930e-05	2.704240e-05	5.498685e-05
81	3	9	0	5.401075e-04	1.068211e-04	4.204820e-05	6.340165e-05	1.855480e-05	6.272150e-05	2.636805e-05	2.694850e-05	5.543205e-05
82	3	10	0	5.537951e-04	1.064691e-04	4.177785e-05	6.253165e-05	1.845950e-05	6.219840e-05	2.594915e-05	2.676625e-05	5.574475e-05
83	3	11	0	5.664051e-04	1.059544e-04	4.147060e-05	6.163260e-05	1.830650e-05	6.159620e-05	2.557010e-05	2.657645e-05	5.599000e-05
84	3	12	0	5.777261e-04	1.052983e-04	4.112680e-05	6.068115e-05	1.810310e-05	6.094630e-05	2.520570e-05	2.638385e-05	5.609165e-05
85	3	13	0	5.880876e-04	1.045443e-04	4.073190e-05	5.962165e-05	1.787725e-05	6.029060e-05	2.480030e-05	2.617915e-05	5.597970e-05
86	3	14	0	5.973072e-04	1.036919e-04	4.027775e-05	5.852000e-05	1.764460e-05	5.961225e-05	2.438245e-05	2.595160e-05	5.576080e-05
87	3	15	0	6.058834e-04	1.027402e-04	3.976170e-05	5.746515e-05	1.741860e-05	5.885915e-05	2.399460e-05	2.568455e-05	5.565445e-05
88	3	16	0	6.136234e-04	1.017302e-04	3.923205e-05	5.643280e-05	1.718435e-05	5.808285e-05	2.362045e-05	2.540140e-05	5.553915e-05
89	3	17	0	6.204979e-04	1.007137e-04	3.874660e-05	5.535085e-05	1.691790e-05	5.735180e-05	2.322325e-05	2.513500e-05	5.521485e-05
90	3	18	0	6.265004e-04	9.967615e-05	3.826130e-05	5.424900e-05	1.664210e-05	5.662790e-05	2.283115e-05	2.486915e-05	5.478515e-05
91	3	19	0	6.320671e-04	9.856375e-05	3.769105e-05	5.315500e-05	1.638890e-05	5.582470e-05	2.247845e-05	2.456650e-05	5.444640e-05
92	3	20	0	6.370317e-04	9.740730e-05	3.709540e-05	5.208370e-05	1.614585e-05	5.500160e-05	2.215625e-05	2.424120e-05	5.411975e-05
93	3	21	0	6.413870e-04	9.624195e-05	3.656640e-05	5.101695e-05	1.587820e-05	5.424360e-05	2.182690e-05	2.392165e-05	5.364770e-05
94	3	22	0	6.450661e-04	9.507965e-05	3.606935e-05	4.996680e-05	1.559055e-05	5.352745e-05	2.149380e-05	2.362775e-05	5.310055e-05
95	3	23	0	6.483909e-04	9.388920e-05	3.550180e-05	4.890590e-05	1.529150e-05	5.275360e-05	2.115685e-05	2.336160e-05	5.262965e-05
96	4	0	0	3.383649e-04	9.211770e-05	3.626475e-05	6.064315e-05	1.630715e-05	5.893805e-05	2.807630e-05	2.395335e-05	4.228840e-05
97	4	1	0	3.735031e-04	9.633130e-05	3.788645e-05	6.254245e-05	1.705100e-05	6.095295e-05	2.863600e-05	2.492310e-05	4.511640e-05
98	4	2	0	4.046793e-04	9.959650e-05	3.915585e-05	6.381300e-05	1.761195e-05	6.231880e-05	2.885125e-05	2.565420e-05	4.750260e-05
99	4	3	0	4.306254e-04	1.020234e-04	4.015505e-05	6.457210e-05	1.801980e-05	6.310370e-05	2.872890e-05	2.617095e-05	4.946600e-05
100	4	4	0	4.522396e-04	1.039805e-04	4.105085e-05	6.507075e-05	1.836375e-05	6.354660e-05	2.836400e-05	2.655395e-05	5.115855e-05
101	4	5	0	4.719255e-04	1.053890e-04	4.167960e-05	6.523795e-05	1.861160e-05	6.373590e-05	2.794950e-05	2.680040e-05	5.254245e-05
102	4	6	0	4.913856e-04	1.062156e-04	4.195065e-05	6.504300e-05	1.872325e-05	6.372960e-05	2.761980e-05	2.692900e-05	5.359105e-05
103	4	7	0	5.091206e-04	1.067009e-04	4.211095e-05	6.466810e-05	1.871220e-05	6.352375e-05	2.724400e-05	2.701670e-05	5.438950e-05
104	4	8	0	5.251109e-04	1.069045e-04	4.217210e-05	6.413310e-05	1.863195e-05	6.316260e-05	2.680930e-05	2.704240e-05	5.498685e-05
105	4	9	0	5.401075e-04	1.068211e-04	4.204820e-05	6.340165e-05	1.855480e-05	6.272150e-05	2.636805e-05	2.694850e-05	5.543205e-05
106	4	10	0	5.537951e-04	1.064691e-04	4.177785e-05	6.253165e-05	1.845950e-05	6.219840e-05	2.594915e-05	2.676625e-05	5.574475e-05
107	4	11	0	5.664051e-04	1.059544e-04	4.147060e-05	6.163260e-05	1.830650e-05	6.159620e-05	2.557010e-05	2.657645e-05	5.599000e-05
108	4	12	0	5.777261e-04	1.052983e-04	4.112680e-05	6.068115e-05	1.810310e-05	6.094630e-05	2.520570e-05	2.638385e-05	5.609165e-05
109	4	13	0	5.880876e-04	1.045443e-04	4.073190e-05	5.962165e-05	1.787725e-05	6.029060e-05	2.480030e-05	2.617915e-05	5.597970e-05
110	4	14	0	5.973072e-04	1.036919e-04	4.027775e-05	5.852000e-05	1.764460e-05	5.961225e-05	2.438245e-05	2.595160e-05	5.576080e-05
111	4	15	0	6.058834e-04	1.027402e-04	3.976170e-05	5.746515e-05	1.741860e-05	5.885915e-05	2.399460e-05	2.568455e-05	5.565445e-05
112	4	16	0	6.136234e-04	1.017302e-04	3.923205e-05	5.643280e-05	1.718435e-05	5.808285e-05	2.362045e-05	2.540140e-05	5.553915e-05
113	4	17	0	6.204979e-04	1.007137e-04	3.874660e-05	5.535085e-05	1.691790e-05	5.735180e-05	2.322325e-05	2.513500e-05	5.521485e-05
114	4	18	0	6.265004e-04	9.967615e-05	3.826130e-05	5.424900e-05	1.664210e-05	5.662790e-05	2.283115e-05	2.486915e-05	5.478515e-05
115	4	19	0	6.320671e-04	9.856375e-05	3.769105e-05	5.315500e-05	1.638890e-05	5.582470e-05	2.247845e-05	2.456650e-05	5.444640e-05
116	4	20	0	6.370317e-04	9.740730e-05	3.709540e-05	5.208370e-05	1.614585e-05	5.500160e-05	2.215625e-05	2.424120e-05	5.411975e-05
117	4	21	0	6.413870e-04	9.624195e-05	3.656640e-05	5.101695e-05	1.587820e-05	5.424360e-05	2.182690e-05	2.392165e-05	5.364770e-05
118	4	22	0	6.450661e-04	9.507965e-05	3.606935e-05	4.996680e-05	1.559055e-05	5.352745e-05	2.149380e-05	2.362775e-05	5.310055e-05
119	4	23	0	6.483909e-04	9.388920e-05	3.550180e-05	4.890590e-05	1.529150e-05	5.275360e-05	2.115685e-05	2.336160e-05	5.262965e-05
120	5	0	0	3.383649e-04	9.211770e-05	3.626475e-05	6.064315e-05	1.630715e-05	5.893805e-05	2.807630e-05	2.395335e-05	4.228840e-05
121	5	1	0	3.735031e-04	9.633130e-05	3.788645e-05	6.254245e-05	1.705100e-05	6.095295e-05	2.863600e-05	2.492310e-05	4.511640e-05
122	5	2	0	4.046793e-04	9.959650e-05	3.915585e-05	6.381300e-05	1.761195e-05	6.231880e-05	2.885125e-05	2.565420e-05	4.750260e-05
123	5	3	0	4.306254e-04	1.020234e-04	4.015505e-05	6.457210e-05	1.801980e-05	6.310370e-05	2.872890e-05	2.617095e-05	4.946600e-05
124	5	4	0	4.522396e-04	1.039805e-04	4.105085e-05	6.507075e-05	1.836375e-05	6.354660e-05	2.836400e-05	2.655395e-05	5.115855e-05
125	5	5	0	4.719255e-04	1.053890e-04	4.167960e-05	6.523795e-05	1.861160e-05	6.373590e-05	2.794950e-05	2.680040e-05	5.254245e-05
126	5	6	0	4.913856e-04	1.062156e-04	4.195065e-05	6.504300e-05	1.872325e-05	6.372960e-05	2.761980e-05	2.692900e-05	5.359105e-05
127	5	7	0	5.091206e-04	1.067009e-04	4.211095e-05	6.466810e-05	1.871220e-05	6.352375e-05	2.724400e-05	2.701670e-05	5.438950e-05
128	5	8	0	5.251109e-04	1.069045e-04	4.217210e-05	6.413310e-05	1.863195e-05	6.316260e-05	2.680930e-05	2.704240e-05	5.498685e-05
129	5	9	0	5.401075e-04	1.068211e-04	4.204820e-05	6.340165e-05	1.855480e-05	6.272150e-05	2.636805e-05	2.694850e-05	5.543205e-05
130	5	10	0	5.537951e-04	1.064691e-04	4.177785e-05	6.253165e-05	1.845950e-05	6.219840e-05	2.594915e-05	2.676625e-05	5.574475e-05
131	5	11	0	5.664051e-04	1.059544e-04	4.147060e-05	6.163260e-05	1.830650e-05	6.159620e-05	2.557010e-05	2.657645e-05	5.599000e-05
132	5	12	0	5.777261e-04	1.052983e-04	4.112680e-05	6.068115e-05	1.810310e-05	6.094630e-05	2.520570e-05	2.638385e-05	5.609165e-05
133	5	13	0	5.880876e-04	1.045443e-04	4.073190e-05	5.962165e-05	1.787725e-05	6.029060e-05	2.480030e-05	2.617915e-05	5.597970e-05
134	5	14	0	5.973072e-04	1.036919e-04	4.027775e-05	5.852000e-05	1.764460e-05	5.961225e-05	2.438245e-05	2.595160e-05	5.576080e-05
135	5	15	0	6.058834e-04	1.027402e-04	3.976170e-05	5.746515e-05	1.741860e-05	5.885915e-05	2.399460e-05	2.568455e-05	5.565445e-05
136	5	16	0	6.136234e-04	1.017302e-04	3.923205e-05	5.643280e-05	1.718435e-05	5.808285e-05	2.362045e-05	2.540140e-05	5.553915e-05
137	5	17	0	6.204979e-04	1.007137e-04	3.874660e-05	5.535085e-05	1.691790e-05	5.735180e-05	2.322325e-05	2.513500e-05	5.521485e-05
138	5	18	0	6.265004e-04	9.967615e-05	3.826130e-05	5.424900e-05	1.664210e-05	5.662790e-05	2.283115e-05	2.486915e-05	5.478515e-05
139	5	19	0	6.320671e-04	9.856375e-05	3.769105e-05	5.315500e-05	1.638890e-05	5.582470e-05	2.247845e-05	2.456650e-05	5.444640e-05
140	5	20	0	6.370317e-04	9.740730e-05	3.709540e-05	5.208370e-05	1.614585e-05	5.500160e-05	2.215625e-05	2.424120e-05	5.411975e-05
141	5	21	0	6.413870e-04	9.624195e-05	3.656640e-05	5.101695e-05	1.587820e-05	5.424360e-05	2.182690e-05	2.392165e-05	5.364770e-05
142	5	22	0	6.450661e-04	9.507965e-05	3.606935e-05	4.996680e-05	1.559055e-05	5.352745e-05	2.149380e-05	2.362775e-05	5.310055e-05
143	5	23	0	6.483909e-04	9.388920e-05	3.550180e-05	4.890590e-05	1.529150e-05	5.275360e-05	2.115685e-05	2.336160e-05	5.262965e-05
144	6	0	0	3.383649e-04	9.211770e-05	3.626475e-05	6.064315e-05	1.630715e-05	5.893805e-05	2.807630e-05	2.395335e-05	4.228840e-05
145	6	1	0	3.735031e-04	9.633130e-05	3.788645e-05	6.254245e-05	1.705100e-05	6.095295e-05	2.863600e-05	2.492310e-05	4.511640e-05
146	6	2	0	4.046793e-04	9.959650e-05	3.915585e-05	6.381300e-05	1.761195e-05	6.231880e-05	2.885125e-05	2.565420e-05	4.750260e-05
147	6	3	0	4.306254e-04	1.020234e-04	4.015505e-05	6.457210e-05	1.801980e-05	6.310370e-05	2.872890e-05	2.617095e-05	4.946600e-05
148	6	4	0	4.522396e-04	1.039805e-04	4.105085e-05	6.507075e-05	1.836375e-05	6.354660e-05	2.836400e-05	2.655395e-05	5.115855e-05
149	6	5	0	4.719255e-04	1.053890e-04	4.167960e-05	6.523795e-05	1.861160e-05	6.373590e-05	2.794950e-05	2.680040e-05	5.254245e-05
150	6	6	0	4.913856e-04	1.062156e-04	4.195065e-05	6.504300e-05	1.872325e-05	6.372960e-05	2.761980e-05	2.692900e-05	5.359105e-05
151	6	7	0	5.091206e-04	1.067009e-04	4.211095e-05	6.466810e-05	1.871220e-05	6.352375e-05	2.724400e-05	2.701670e-05	5.438950e-05
152	6	8	0	5.251109e-04	1.069045e-04	4.217210e-05	6.413310e-05	1.863195e-05	6.316260e-05	2.680930e-05	2.704240e-05	5.498685e-05
153	6	9	0	5.401075e-04	1.068211e-04	4.204820e-05	6.340165e-05	1.855480e-05	6.272150e-05	2.636805e-05	2.694850e-05	5.543205e-05
154	6	10	0	5.537951e-04	1.064691e-04	4.177785e-05	6.253165e-05	1.845950e-05	6.219840e-05	2.594915e-05	2.676625e-05	5.574475e-05
155	6	11	0	5.664051e-04	1.059544e-04	4.147060e-05	6.163260e-05	1.830650e-05	6.159620e-05	2.557010e-05	2.657645e-05	5.599000e-05
156	6	12	0	5.777261e-04	1.052983e-04	4.112680e-05	6.068115e-05	1.810310e-05	6.094630e-05	2.520570e-05	2.638385e-05	5.609165e-05
157	6	13	0	5.880876e-04	1.045443e-04	4.073190e-05	5.962165e-05	1.787725e-05	6.029060e-05	2.480030e-05	2.617915e-05	5.597970e-05
158	6	14	0	5.973072e-04	1.036919e-04	4.027775e-05	5.852000e-05	1.764460e-05	5.961225e-05	2.438245e-05	2.595160e-05	5.576080e-05
159	6	15	0	6.058834e-04	1.027402e-04	3.976170e-05	5.746515e-05	1.741860e-05	5.885915e-05	2.399460e-05	2.568455e-05	5.565445e-05
160	6	16	0	6.136234e-04	1.017302e-04	3.923205e-05	5.643280e-05	1.718435e-05	5.808285e-05	2.362045e-05	2.540140e-05	5.553915e-05
161	6	17	0	6.204979e-04	1.007137e-04	3.874660e-05	5.535085e-05	1.691790e-05	5.735180e-05	2.322325e-05	2.513500e-05	5.521485e-05
162	6	18	0	6.265004e-04	9.967615e-05	3.826130e-05	5.424900e-05	1.664210e-05	5.662790e-05	2.283115e-05	2.486915e-05	5.478515e-05
163	6	19	0	6.320671e-04	9.856375e-05	3.769105e-05	5.315500e-05	1.638890e-05	5.582470e-05	2.247845e-05	2.456650e-05	5.444640e-05
164	6	20	0	6.370317e-04	9.740730e-05	3.709540e-05	5.208370e-05	1.614585e-05	5.500160e-05	2.215625e-05	2.424120e-05	5.411975e-05
165	6	21	0	6.413870e-04	9.624195e-05	3.656640e-05	5.101695e-05	1.587820e-05	5.424360e-05	2.182690e-05	2.392165e-05	5.364770e-05
166	6	22	0	6.450661e-04	9.507965e-05	3.606935e-05	4.996680e-05	1.559055e-05	5.352745e-05	2.149380e-05	2.362775e-05	5.310055e-05
167	6	23	0	6.483909e-04	9.388920e-05	3.550180e-05	4.890590e-05	1.529150e-05	5.275360e-05	2.115685e-05	2.336160e-05	5.262965e-05
168	7	0	0	3.383649e-04	9.211770e-05	3.626475e-05	6.064315e-05	1.630715e-05	5.893805e-05	2.807630e-05	2.395335e-05	4.228840e-05
169	7	1	0	3.735031e-04	9.633130e-05	3.788645e-05	6.254245e-05	1.705100e-05	6.095295e-05	2.863600e-05	2.492310e-05	4.511640e-05
170	7	2	0	4.046793e-04	9.959650e-05	3.915585e-05	6.381300e-05	1.761195e-05	6.231880e-05	2.885125e-05	2.565420e-05	4.750260e-05
171	7	3	0	4.306254e-04	1.020234e-04	4.015505e-05	6.457210e-05	1.801980e-05	6.310370e-05	2.872890e-05	2.617095e-05	4.946600e-05
172	7	4	0	4.522396e-04	1.039805e-04	4.105085e-05	6.507075e-05	1.836375e-05	6.354660e-05	2.836400e-05	2.655395e-05	5.115855e-05
173	7	5	0	4.719255e-04	1.053890e-04	4.167960e-05	6.523795e-05	1.861160e-05	6.373590e-05	2.794950e-05	2.680040e-05	5.254245e-05
174	7	6	0	4.913856e-04	1.062156e-04	4.195065e-05	6.504300e-05	1.872325e-05	6.372960e-05	2.761980e-05	2.692900e-05	5.359105e-05
175	7	7	0	5.091206e-04	1.067009e-04	4.211095e-05	6.466810e-05	1.871220e-05	6.352375e-05	2.724400e-05	2.701670e-05	5.438950e-05
176	7	8	0	5.251109e-04	1.069045e-04	4.217210e-05	6.413310e-05	1.863195e-05	6.316260e-05	2.680930e-05	2.704240e-05	5.498685e-05
177	7	9	0	5.401075e-04	1.068211e-04	4.204820e-05	6.340165e-05	1.855480e-05	6.272150e-05	2.636805e-05	2.694850e-05	5.543205e-05
178	7	10	0	5.537951e-04	1.064691e-04	4.177785e-05	6.253165e-05	1.845950e-05	6.219840e-05	2.594915e-05	2.676625e-05	5.574475e-05
179	7	11	0	5.664051e-04	1.059544e-04	4.147060e-05	6.163260e-05	1.830650e-05	6.159620e-05	2.557010e-05	2.657645e-05	5.599000e-05
180	7	12	0	5.777261e-04	1.052983e-04	4.112680e-05	6.068115e-05	1.810310e-05	6.094630e-05	2.520570e-05	2.638385e-05	5.609165e-05
181	7	13	0	5.880876e-04	1.045443e-04	4.073190e-05	5.962165e-05	1.787725e-05	6.029060e-05	2.480030e-05	2.617915e-05	5.597970e-05
182	7	14	0	5.973072e-04	1.036919e-04	4.027775e-05	5.852000e-05	1.764460e-05	5.961225e-05	2.438245e-05	2.595160e-05	5.576080e-05
183	7	15	0	6.058834e-04	1.027402e-04	3.976170e-05	5.746515e-05	1.741860e-05	5.885915e-05	2.399460e-05	2.568455e-05	5.565445e-05
184	7	16	0	6.136234e-04	1.017302e-04	3.923205e-05	5.643280e-05	1.718435e-05	5.808285e-05	2.362045e-05	2.540140e-05	5.553915e-05
185	7	17	0	6.204979e-04	1.007137e-04	3.874660e-05	5.535085e-05	1.691790e-05	5.735180e-05	2.322325e-05	2.513500e-05	5.521485e-05
186	7	18	0	6.265004e-04	9.967615e-05	3.826130e-05	5.424900e-05	1.664210e-05	5.662790e-05	2.283115e-05	2.486915e-05	5.478515e-05
187	7	19	0	6.320671e-04	9.856375e-05	3.769105e-05	5.315500e-05	1.638890e-05	5.582470e-05	2.247845e-05	2.456650e-05	5.444640e-05
188	7	20	0	6.370317e-04	9.740730e-05	3.709540e-05	5.208370e-05	1.614585e-05	5.500160e-05	2.215625e-05	2.424120e-05	5.411975e-05
189	7	21	0	6.413870e-04	9.624195e-05	3.656640e-05	5.101695e-05	1.587820e-05	5.424360e-05	2.182690e-05	2.392165e-05	5.364770e-05
190	7	22	0	6.450661e-04	9.507965e-05	3.606935e-05	4.996680e-05	1.559055e-05	5.352745e-05	2.149380e-05	2.362775e-05	5.310055e-05
191	7	23	0	6.483909e-04	9.388920e-05	3.550180e-05	4.890590e-05	1.529150e-05	5.275360e-05	2.115685e-05	2.336160e-05	5.262965e-05
192	8	0	0	3.383649e-04	9.211770e-05	3.626475e-05	6.064315e-05	1.630715e-05	5.893805e-05	2.807630e-05	2.395335e-05	4.228840e-05
193	8	1	0	3.735031e-04	9.633130e-05	3.788645e-05	6.254245e-05	1.705100e-05	6.095295e-05	2.863600e-05	2.492310e-05	4.511640e-05
194	8	2	0	4.046793e-04	9.959650e-05	3.915585e-05	6.381300e-05	1.761195e-05	6.231880e-05	2.885125e-05	2.565420e-05	4.750260e-05
195	8	3	0	4.306254e-04	1.020234e-04	4.015505e-05	6.457210e-05	1.801980e-05	6.310370e-05	2.872890e-05	2.617095e-05	4.946600e-05
196	8	4	0	4.522396e-04	1.039805e-04	4.105085e-05	6.507075e-05	1.836375e-05	6.354660e-05	2.836400e-05	2.655395e-05	5.115855e-05
197	8	5	0	4.719255e-04	1.053890e-04	4.167960e-05	6.523795e-05	1.861160e-05	6.373590e-05	2.794950e-05	2.680040e-05	5.254245e-05
198	8	6	0	4.913856e-04	1.062156e-04	4.195065e-05	6.504300e-05	1.872325e-05	6.372960e-05	2.761980e-05	2.692900e-05	5.359105e-05
199	8	7	0	5.091206e-04	1.067009e-04	4.211095e-05	6.466810e-05	1.871220e-05	6.352375e-05	2.724400e-05	2.701670e-05	5.438950e-05
200	8	8	0	5.251109e-04	1.069045e-04	4.217210e-05	6.413310e-05	1.863195e-05	6.316260e-05	2.680930e-05	2.704240e-05	5.498685e-05
201	8	9	0	5.401075e-04	1.068211e-04	4.204820e-05	6.340165e-05	1.855480e-05	6.272150e-05	2.636805e-05	2.694850e-05	5.543205e-05
202	8	10	0	5.537951e-04	1.064691e-04	4.177785e-05	6.253165e-05	1.845950e-05	6.219840e-05	2.594915e-05	2.676625e-05	5.574475e-05
203	8	11	0	5.664051e-04	1.059544e-04	4.147060e-05	6.163260e-05	1.830650e-05	6.159620e-05	2.557010e-05	2.657645e-05	5.599000e-05
204	8	12	0	5.777261e-04	1.052983e-04	4.112680e-05	6.068115e-05	1.810310e-05	6.094630e-05	2.520570e-05	2.638385e-05	5.609165e-05
205	8	13	0	5.880876e-04	1.045443e-04	4.073190e-05	5.962165e-05	1.787725e-05	6.029060e-05	2.480030e-05	2.617915e-05	5.597970e-05
206	8	14	0	5.973072e-04	1.036919e-04	4.027775e-05	5.852000e-05	1.764460e-05	5.961225e-05	2.438245e-05	2.595160e-05	5.576080e-05
207	8	15	0	6.058834e-04	1.027402e-04	3.976170e-05	5.746515e-05	1.741860e-05	5.885915e-05	2.399460e-05	2.568455e-05	5.565445e-05
208	8	16	0	6.136234e-04	1.017302e-04	3.923205e-05	5.643280e-05	1.718435e-05	5.808285e-05	2.362045e-05	2.540140e-05	5.553915e-05
209	8	17	0	6.204979e-04	1.007137e-04	3.874660e-05	5.535085e-05	1.691790e-05	5.735180e-05	2.322325e-05	2.513500e-05	5.521485e-05
210	8	18	0	6.265004e-04	9.967615e-05	3.826130e-05	5.424900e-05	1.664210e-05	5.662790e-05	2.283115e-05	2.486915e-05	5.478515e-05
211	8	19	0	6.320671e-04	9.856375e-05	3.769105e-05	5.315500e-05	1.638890e-05	5.582470e-05	2.247845e-05	2.456650e-05	5.444640e-05
212	8	20	0	6.370317e-04	9.740730e-05	3.709540e-05	5.208370e-05	1.614585e-05	5.500160e-05	2.215625e-05	2.424120e-05	5.411975e-05
213	8	21	0	6.413870e-04	9.624195e-05	3.656640e-05	5.101695e-05	1.587820e-05	5.424360e-05	2.182690e-05	2.392165e-05	5.364770e-05
214	8	22	0	6.450661e-04	9.507965e-05	3.606935e-05	4.996680e-05	1.559055e-05	5.352745e-05	2.149380e-05	2.362775e-05	5.310055e-05
215	8	23	0	6.483909e-04	9.388920e-05	3.550180e-05	4.890590e-05	1.529150e-05	5.275360e-05	2.115685e-05	2.336160e-05	5.262965e-05
216	9	0	0	3.383649e-04	9.211770e-05	3.626475e-05	6.064315e-05	1.630715e-05	5.893805e-05	2.807630e-05	2.395335e-05	4.228840e-05
217	9	1	0	3.735031e-04	9.633130e-05	3.788645e-05	6.254245e-05	1.705100e-05	6.095295e-05	2.863600e-05	2.492310e-05	4.511640e-05
218	9	2	0	4.046793e-04	9.959650e-05	3.915585e-05	6.381300e-05	1.761195e-05	6.231880e-05	2.885125e-05	2.565420e-05	4.750260e-05
219	9	3	0	4.306254e-04	1.020234e-04	4.015505e-05	6.457210e-05	1.801980e-05	6.310370e-05	2.872890e-05	2.617095e-05	4.946600e-05
220	9	4	0	4.522396e-04	1.039805e-04	4.105085e-05	6.507075e-05	1.836375e-05	6.354660e-05	2.836400e-05	2.655395e-05	5.115855e-05
221	9	5	0	4.719255e-04	1.053890e-04	4.167960e-05	6.523795e-05	1.861160e-05	6.373590e-05	2.794950e-05	2.680040e-05	5.254245e-05
222	9	6	0	4.913856e-04	1.062156e-04	4.195065e-05	6.504300e-05	1.872325e-05	6.372960e-05	2.761980e-05	2.692900e-05	5.359105e-05
223	9	7	0	5.091206e-04	1.067009e-04	4.211095e-05	6.466810e-05	1.871220e-05	6.352375e-05	2.724400e-05	2.701670e-05	5.438950e-05
224	9	8	0	5.251109e-04	1.069045e-04	4.217210e-05	6.413310e-05	1.863195e-05	6.316260e-05	2.680930e-05	2.704240e-05	5.498685e-05
225	9	9	0	5.401075e-04	1.068211e-04	4.204820e-05	6.340165e-05	1.855480e-05	6.272150e-05	2.636805e-05	2.694850e-05	5.543205e-05
226	9	10	0	5.537951e-04	1.064691e-04	4.177785e-05	6.253165e-05	1.845950e-05	6.219840e-05	2.594915e-05	2.676625e-05	5.574475e-05
227	9	11	0	5.664051e-04	1.059544e-04	4.147060e-05	6.163260e-05	1.830650e-05	6.159620e-05	2.557010e-05	2.657645e-05	5.599000e-05
228	9	12	0	5.777261e-04	1.052983e-04	4.112680e-05	6.068115e-05	1.810310e-05	6.094630e-05	2.520570e-05	2.638385e-05	5.609165e-05
229	9	13	0	5.880876e-04	1.045443e-04	4.073190e-05	5.962165e-05	1.787725e-05	6.029060e-05	2.480030e-05	2.617915e-05	5.597970e-05
230	9	14	0	5.973072e-04	1.036919e-04	4.027775e-05	5.852000e-05	1.764460e-05	5.961225e-05	2.438245e-05	2.595160e-05	5.576080e-05
231	9	15	0	6.058834e-04	1.027402e-04	3.976170e-05	5.746515e-05	1.741860e-05	5.885915e-05	2.399460e-05	2.568455e-05	5.565445e-05
232	9	16	0	6.136234e-04	1.017302e-04	3.923205e-05	5.643280e-05	1.718435e-05	5.808285e-05	2.362045e-05	2.540140e-05	5.553915e-05
233	9	17	0	6.204979e-04	1.007137e-04	3.874660e-05	5.535085e-05	1.691790e-05	5.735180e-05	2.322325e-05	2.513500e-05	5.521485e-05
234	9	18	0	6.265004e-04	9.967615e-05	3.826130e-05	5.424900e-05	1.664210e-05	5.662790e-05	2.283115e-05	2.486915e-05	5.478515e-05
235	9	19	0	6.320671e-04	9.856375e-05	3.769105e-05	5.315500e-05	1.638890e-05	5.582470e-05	2.247845e-05	2.456650e-05	5.444640e-05
236	9	20	0	6.370317e-04	9.740730e-05	3.709540e-05	5.208370e-05	1.614585e-05	5.500160e-05	2.215625e-05	2.424120e-05	5.411975e-05
237	9	21	0	6.413870e-04	9.624195e-05	3.656640e-05	5.101695e-05	1.587820e-05	5.424360e-05	2.182690e-05	2.392165e-05	5.364770e-05
238	9	22	0	6.450661e-04	9.507965e-05	3.606935e-05	4.996680e-05	1.559055e-05	5.352745e-05	2.149380e-05	2.362775e-05	5.310055e-05
239	9	23	0	6.483909e-04	9.388920e-05	3.550180e-05	4.890590e-05	1.529150e-05	5.275360e-05	2.115685e-05	2.336160e-05	5.262965e-05
240	10	0	0	3.383649e-04	9.211770e-05	3.626475e-05	6.064315e-05	1.630715e-05	5.893805e-05	2.807630e-05	2.395335e-05	4.228840e-05
241	10	1	0	3.735031e-04	9.633130e-05	3.788645e-05	6.254245e-05	1.705100e-05	6.095295e-05	2.863600e-05	2.492310e-05	4.511640e-05
242	10	2	0	4.046793e-04	9.959650e-05	3.915585e-05	6.381300e-05	1.761195e-05	6.231880e-05	2.885125e-05	2.565420e-05	4.750260e-05
243	10	3	0	4.306254e-04	1.020234e-04	4.015505e-05	6.457210e-05	1.801980e-05	6.310370e-05	2.872890e-05	2.617095e-05	4.946600e-05
244	10	4	0	4.522396e-04	1.039805e-04	4.105085e-05	6.507075e-05	1.836375e-05	6.354660e-05	2.836400e-05	2.655395e-05	5.115855e-05
245	10	5	0	4.719255e-04	1.053890e-04	4.167960e-05	6.523795e-05	1.861160e-05	6.373590e-05	2.794950e-05	2.680040e-05	5.254245e-05
246	10	6	0	4.913856e-04	1.062156e-04	4.195065e-05	6.504300e-05	1.872325e-05	6.372960e-05	2.761980e-05	2.692900e-05	5.359105e-05
247	10	7	0	5.091206e-04	1.067009e-04	4.211095e-05	6.466810e-05	1.871220e-05	6.352375e-05	2.724400e-05	2.701670e-05	5.438950e-05
248	10	8	0	5.251109e-04	1.069045e-04	4.217210e-05	6.413310e-05	1.863195e-05	6.316260e-05	2.680930e-05	2.704240e-05	5.498685e-05
249	10	9	0	5.401075e-04	1.068211e-04	4.204820e-05	6.340165e-05	1.855480e-05	6.272150e-05	2.636805e-05	2.694850e-05	5.543205e-05
250	10	10	0	5.537951e-04	1.064691e-04	4.177785e-05	6.253165e-05	1.845950e-05	6.219840e-05	2.594915e-05	2.676625e-05	5.574475e-05
251	10	11	0	5.664051e-04	1.059544e-04	4.147060e-05	6.163260e-05	1.830650e-05	6.159620e-05	2.557010e-05	2.657645e-05	5.599000e-05
252	10	12	0	5.777261e-04	1.052983e-04	4.112680e-05	6.068115e-05	1.810310e-05	6.094630e-05	2.520570e-05	2.638385e-05	5.609165e-05
253	10	13	0	5.880876e-04	1.045443e-04	4.073190e-05	5.962165e-05	1.787725e-05	6.029060e-05	2.480030e-05	2.617915e-05	5.597970e-05
254	10	14	0	5.973072e-04	1.036919e-04	4.027775e-05	5.852000e-05	1.764460e-05	5.961225e-05	2.438245e-05	2.595160e-05	5.576080e-05
255	10	15	0	6.058834e-04	1.027402e-04	3.976170e-05	5.746515e-05	1.741860e-05	5.885915e-05	2.399460e-05	2.568455e-05	5.565445e-05
256	10	16	0	6.136234e-04	1.017302e-04	3.923205e-05	5.643280e-05	1.718435e-05	5.808285e-05	2.362045e-05	2.540140e-05	5.553915e-05
257	10	17	0	6.204979e-04	1.007137e-04	3.874660e-05	5.535085e-05	1.691790e-05	5.735180e-05	2.322325e-05	2.513500e-05	5.521485e-05
258	10	18	0	6.265004e-04	9.967615e-05	3.826130e-05	5.424900e-05	1.664210e-05	5.662790e-05	2.283115e-05	2.486915e-05	5.478515e-05
259	10	19	0	6.320671e-04	9.856375e-05	3.769105e-05	5.315500e-05	1.638890e-05	5.582470e-05	2.247845e-05	2.456650e-05	5.444640e-05
260	10	20	0	6.370317e-04	9.740730e-05	3.709540e-05	5.208370e-05	1.614585e-05	5.500160e-05	2.215625e-05	2.424120e-05	5.411975e-05
261	10	21	0	6.413870e-04	9.624195e-05	3.656640e-05	5.101695e-05	1.587820e-05	5.424360e-05	2.182690e-05	2.392165e-05	5.364770e-05
262	10	22	0	6.450661e-04	9.507965e-05	3.606935e-05	4.996680e-05	1.559055e-05	5.352745e-05	2.149380e-05	2.362775e-05	5.310055e-05
263	10	23	0	6.483909e-04	9.388920e-05	3.550180e-05	4.890590e-05	1.529150e-05	5.275360e-05	2.115685e-05	2.336160e-05	5.262965e-05
264	11	0	0	3.383649e-04	9.211770e-05	3.626475e-05	6.064315e-05	1.630715e-05	5.893805e-05	2.807630e-05	2.395335e-05	4.228840e-05
265	11	1	0	3.735031e-04	9.633130e-05	3.788645e-05	6.254245e-05	1.705100e-05	6.095295e-05	2.863600e-05	2.492310e-05	4.511640e-05
266	11	2	0	4.046793e-04	9.959650e-05	3.915585e-05	6.381300e-05	1.761195e-05	6.231880e-05	2.885125e-05	2.565420e-05	4.750260e-05
267	11	3	0	4.306254e-04	1.020234e-04	4.015505e-05	6.457210e-05	1.801980e-05	6.310370e-05	2.872890e-05	2.617095e-05	4.946600e-05
268	11	4	0	4.522396e-04	1.039805e-04	4.105085e-05	6.507075e-05	1.836375e-05	6.354660e-05	2.836400e-05	2.655395e-05	5.115855e-05
269	11	5	0	4.719255e-04	1.053890e-04	4.167960e-05	6.523795e-05	1.861160e-05	6.373590e-05	2.794950e-05	2.680040e-05	5.254245e-05
270	11	6	0	4.913856e-04	1.062156e-04	4.195065e-05	6.504300e-05	1.872325e-05	6.372960e-05	2.761980e-05	2.692900e-05	5.359105e-05
271	11	7	0	5.091206e-04	1.067009e-04	4.211095e-05	6.466810e-05	1.871220e-05	6.352375e-05	2.724400e-05	2.701670e-05	5.438950e-05
272	11	8	0	5.251109e-04	1.069045e-04	4.217210e-05	6.413310e-05	1.863195e-05	6.316260e-05	2.680930e-05	2.704240e-05	5.498685e-05
273	11	9	0	5.401075e-04	1.068211e-04	4.204820e-05	6.340165e-05	1.855480e-05	6.272150e-05	2.636805e-05	2.694850e-05	5.543205e-05
274	11	10	0	5.537951e-04	1.064691e-04	4.177785e-05	6.253165e-05	1.845950e-05	6.219840e-05	2.594915e-05	2.676625e-05	5.574475e-05
275	11	11	0	5.664051e-04	1.059544e-04	4.147060e-05	6.163260e-05	1.830650e-05	6.159620e-05	2.557010e-05	2.657645e-05	5.599000e-05
276	11	12	0	5.777261e-04	1.052983e-04	4.112680e-05	6.068115e-05	1.810310e-05	6.094630e-05	2.520570e-05	2.638385e-05	5.609165e-05
277	11	13	0	5.880876e-04	1.045443e-04	4.073190e-05	5.962165e-05	1.787725e-05	6.029060e-05	2.480030e-05	2.617915e-05	5.597970e-05
278	11	14	0	5.973072e-04	1.036919e-04	4.027775e-05	5.852000e-05	1.764460e-05	5.961225e-05	2.438245e-05	2.595160e-05	5.576080e-05
279	11	15	0	6.058834e-04	1.027402e-04	3.976170e-05	5.746515e-05	1.741860e-05	5.885915e-05	2.399460e-05	2.568455e-05	5.565445e-05
280	11	16	0	6.136234e-04	1.017302e-04	3.923205e-05	5.643280e-05	1.718435e-05	5.808285e-05	2.362045e-05	2.540140e-05	5.553915e-05
281	11	17	0	6.204979e-04	1.007137e-04	3.874660e-05	5.535085e-05	1.691790e-05	5.735180e-05	2.322325e-05	2.513500e-05	5.521485e-05
282	11	18	0	6.265004e-04	9.967615e-05	3.826130e-05	5.424900e-05	1.664210e-05	5.662790e-05	2.283115e-05	2.486915e-05	5.478515e-05
283	11	19	0	6.320671e-04	9.856375e-05	3.769105e-05	5.315500e-05	1.638890e-05	5.582470e-05	2.247845e-05	2.456650e-05	5.444640e-05
284	11	20	0	6.370317e-04	9.740730e-05	3.709540e-05	5.208370e-05	1.614585e-05	5.500160e-05	2.215625e-05	2.424120e-05	5.411975e-05
285	11	21	0	6.413870e-04	9.624195e-05	3.656640e-05	5.101695e-05	1.587820e-05	5.424360e-05	2.182690e-05	2.392165e-05	5.364770e-05
286	11	22	0	6.450661e-04	9.507965e-05	3.606935e-05	4.996680e-05	1.559055e-05	5.352745e-05	2.149380e-05	2.362775e-05	5.310055e-05
287	11	23	0	6.483909e-04	9.388920e-05	3.550180e-05	4.890590e-05	1.529150e-05	5.275360e-05	2.115685e-05	2.336160e-05	5.262965e-05
288	12	0	0	3.383649e-04	9.211770e-05	3.626475e-05	6.064315e-05	1.630715e-05	5.893805e-05	2.807630e-05	2.395335e-05	4.228840e-05
289	12	1	0	3.735031e-04	9.633130e-05	3.788645e-05	6.254245e-05	1.705100e-05	6.095295e-05	2.863600e-05	2.492310e-05	4.511640e-05
290	12	2	0	4.046793e-04	9.959650e-05	3.915585e-05	6.381300e-05	1.761195e-05	6.231880e-05	2.885125e-05	2.565420e-05	4.750260e-05
291	12	3	0	4.306254e-04	1.020234e-04	4.015505e-05	6.457210e-05	1.801980e-05	6.310370e-05	2.872890e-05	2.617095e-05	4.946600e-05
292	12	4	0	4.522396e-04	1.039805e-04	4.105085e-05	6.507075e-05	1.836375e-05	6.354660e-05	2.836400e-05	2.655395e-05	5.115855e-05
293	12	5	0	4.719255e-04	1.053890e-04	4.167960e-05	6.523795e-05	1.861160e-05	6.373590e-05	2.794950e-05	2.680040e-05	5.254245e-05
294	12	6	0	4.913856e-04	1.062156e-04	4.195065e-05	6.504300e-05	1.872325e-05	6.372960e-05	2.761980e-05	2.692900e-05	5.359105e-05
295	12	7	0	5.091206e-04	1.067009e-04	4.211095e-05	6.466810e-05	1.871220e-05	6.352375e-05	2.724400e-05	2.701670e-05	5.438950e-05
296	12	8	0	5.251109e-04	1.069045e-04	4.217210e-05	6.413310e-05	1.863195e-05	6.316260e-05	2.680930e-05	2.704240e-05	5.498685e-05
297	12	9	0	5.401075e-04	1.068211e-04	4.204820e-05	6.340165e-05	1.855480e-05	6.272150e-05	2.636805e-05	2.694850e-05	5.543205e-05
298	12	10	0	5.537951e-04	1.064691e-04	4.177785e-05	6.253165e-05	1.845950e-05	6.219840e-05	2.594915e-05	2.676625e-05	5.574475e-05
299	12	11	0	5.664051e-04	1.059544e-04	4.147060e-05	6.163260e-05	1.830650e-05	6.159620e-05	2.557010e-05	2.657645e-05	5.599000e-05
300	12	12	0	5.777261e-04	1.052983e-04	4.112680e-05	6.068115e-05	1.810310e-05	6.094630e-05	2.520570e-05	2.638385e-05	5.609165e-05
301	12	13	0	5.880876e-04	1.045443e-04	4.073190e-05	5.962165e-05	1.787725e-05	6.029060e-05	2.480030e-05	2.617915e-05	5.597970e-05
302	12	14	0	5.973072e-04	1.036919e-04	4.027775e-05	5.852000e-05	1.764460e-05	5.961225e-05	2.438245e-05	2.595160e-05	5.576080e-05
303	12	15	0	6.058834e-04	1.027402e-04	3.976170e-05	5.746515e-05	1.741860e-05	5.885915e-05	2.399460e-05	2.568455e-05	5.565445e-05
304	12	16	0	6.136234e-04	1.017302e-04	3.923205e-05	5.643280e-05	1.718435e-05	5.808285e-05	2.362045e-05	2.540140e-05	5.553915e-05
305	12	17	0	6.204979e-04	1.007137e-04	3.874660e-05	5.535085e-05	1.691790e-05	5.735180e-05	2.322325e-05	2.513500e-05	5.521485e-05
306	12	18	0	6.265004e-04	9.967615e-05	3.826130e-05	5.424900e-05	1.664210e-05	5.662790e-05	2.283115e-05	2.486915e-05	5.478515e-05
307	12	19	0	6.320671e-04	9.856375e-05	3.769105e-05	5.315500e-05	1.638890e-05	5.582470e-05	2.247845e-05	2.456650e-05	5.444640e-05
308	12	20	0	6.370317e-04	9.740730e-05	3.709540e-05	5.208370e-05	1.614585e-05	5.500160e-05	2.215625e-05	2.424120e-05	5.411975e-05
309	12	21	0	6.413870e-04	9.624195e-05	3.656640e-05	5.101695e-05	1.587820e-05	5.424360e-05	2.182690e-05	2.392165e-05	5.364770e-05
310	12	22	0	6.450661e-04	9.507965e-05	3.606935e-05	4.996680e-05	1.559055e-05	5.352745e-05	2.149380e-05	2.362775e-05	5.310055e-05
311	12	23	0	6.483909e-04	9.388920e-05	3.550180e-05	4.890590e-05	1.529150e-05	5.275360e-05	2.115685e-05	2.336160e-05	5.262965e-05
312	13	0	0	3.383649e-04	9.211770e-05	3.626475e-05	6.064315e-05	1.630715e-05	5.893805e-05	2.807630e-05	2.395335e-05	4.228840e-05
313	13	1	0	3.735031e-04	9.633130e-05	3.788645e-05	6.254245e-05	1.705100e-05	6.095295e-05	2.863600e-05	2.492310e-05	4.511640e-05
314	13	2	0	4.046793e-04	9.959650e-05	3.915585e-05	6.381300e-05	1.761195e-05	6.231880e-05	2.885125e-05	2.565420e-05	4.750260e-05
315	13	3	0	4.306254e-04	1.020234e-04	4.015505e-05	6.457210e-05	1.801980e-05	6.310370e-05	2.872890e-05	2.617095e-05	4.946600e-05
316	13	4	0	4.522396e-04	1.039805e-04	4.105085e-05	6.507075e-05	1.836375e-05	6.354660e-05	2.836400e-05	2.655395e-05	5.115855e-05
317	13	5	0	4.719255e-04	1.053890e-04	4.167960e-05	6.523795e-05	1.861160e-05	6.373590e-05	2.794950e-05	2.680040e-05	5.254245e-05
318	13	6	0	4.913856e-04	1.062156e-04	4.195065e-05	6.504300e-05	1.872325e-05	6.372960e-05	2.761980e-05	2.692900e-05	5.359105e-05
319	13	7	0	5.091206e-04	1.067009e-04	4.211095e-05	6.466810e-05	1.871220e-05	6.352375e-05	2.724400e-05	2.701670e-05	5.438950e-05
320	13	8	0	5.251109e-04	1.069045e-04	4.217210e-05	6.413310e-05	1.863195e-05	6.316260e-05	2.680930e-05	2.704240e-05	5.498685e-05
321	13	9	0	5.401075e-04	1.068211e-04	4.204820e-05	6.340165e-05	1.855480e-05	6.272150e-05	2.636805e-05	2.694850e-05	5.543205e-05
322	13	10	0	5.537951e-04	1.064691e-04	4.177785e-05	6.253165e-05	1.845950e-05	6.219840e-05	2.594915e-05	2.676625e-05	5.574475e-05
323	13	11	0	5.664051e-04	1.059544e-04	4.147060e-05	6.163260e-05	1.830650e-05	6.159620e-05	2.557010e-05	2.657645e-05	5.599000e-05
324	13	12	0	5.777261e-04	1.052983e-04	4.112680e-05	6.068115e-05	1.810310e-05	6.094630e-05	2.520570e-05	2.638385e-05	5.609165e-05
325	13	13	0	5.880876e-04	1.045443e-04	4.073190e-05	5.962165e-05	1.787725e-05	6.029060e-05	2.480030e-05	2.617915e-05	5.597970e-05
326	13	14	0	5.973072e-04	1.036919e-04	4.027775e-05	5.852000e-05	1.764460e-05	5.961225e-05	2.438245e-05	2.595160e-05	5.576080e-05
327	13	15	0	6.058834e-04	1.027402e-04	3.976170e-05	5.746515e-05	1.741860e-05	5.885915e-05	2.399460e-05	2.568455e-05	5.565445e-05
328	13	16	0	6.136234e-04	1.017302e-04	3.923205e-05	5.643280e-05	1.718435e-05	5.808285e-05	2.362045e-05	2.540140e-05	5.553915e-05
329	13	17	0	6.204979e-04	1.007137e-04	3.874660e-05	5.535085e-05	1.691790e-05	5.735180e-05	2.322325e-05	2.513500e-05	5.521485e-05
330	13	18	0	6.265004e-04	9.967615e-05	3.826130e-05	5.424900e-05	1.664210e-05	5.662790e-05	2.283115e-05	2.486915e-05	5.478515e-05
331	13	19	0	6.320671e-04	9.856375e-05	3.769105e-05	5.315500e-05	1.638890e-05	5.582470e-05	2.247845e-05	2.456650e-05	5.444640e-05
332	13	20	0	6.370317e-04	9.740730e-05	3.709540e-05	5.208370e-05	1.614585e-05	5.500160e-05	2.215625e-05	2.424120e-05	5.411975e-05
333	13	21	0	6.413870e-04	9.624195e-05	3.656640e-05	5.101695e-05	1.587820e-05	5.424360e-05	2.182690e-05	2.392165e-05	5.364770e-05
334	13	22	0	6.450661e-04	9.507965e-05	3.606935e-05	4.996680e-05	1.559055e-05	5.352745e-05	2.149380e-05	2.362775e-05	5.310055e-05
335	13	23	0	6.483909e-04	9.388920e-05	3.550180e-05	4.890590e-05	1.529150e-05	5.275360e-05	2.115685e-05	2.336160e-05	5.262965e-05
336	14	0	0	3.383649e-04	9.211770e-05	3.626475e-05	6.064315e-05	1.630715e-05	5.893805e-05	2.807630e-05	2.395335e-05	4.228840e-05
337	14	1	0	3.735031e-04	9.633130e-05	3.788645e-05	6.254245e-05	1.705100e-05	6.095295e-05	2.863600e-05	2.492310e-05	4.511640e-05
338	14	2	0	4.046793e-04	9.959650e-05	3.915585e-05	6.381300e-05	1.761195e-05	6.231880e-05	2.885125e-05	2.565420e-05	4.750260e-05
339	14	3	0	4.306254e-04	1.020234e-04	4.015505e-05	6.457210e-05	1.801980e-05	6.310370e-05	2.872890e-05	2.617095e-05	4.946600e-05
340	14	4	0	4.522396e-04	1.039805e-04	4.105085e-05	6.507075e-05	1.836375e-05	6.354660e-05	2.836400e-05	2.655395e-05	5.115855e-05
341	14	5	0	4.719255e-04	1.053890e-04	4.167960e-05	6.523795e-05	1.861160e-05	6.373590e-05	2.794950e-05	2.680040e-05	5.254245e-05
342	14	6	0	4.913856e-04	1.062156e-04	4.195065e-05	6.504300e-05	1.872325e-05	6.372960e-05	2.761980e-05	2.692900e-05	5.359105e-05
343	14	7	0	5.091206e-04	1.067009e-04	4.211095e-05	6.466810e-05	1.871220e-05	6.352375e-05	2.724400e-05	2.701670e-05	5.438950e-05
344	14	8	0	5.251109e-04	1.069045e-04	4.217210e-05	6.413310e-05	1.863195e-05	6.316260e-05	2.680930e-05	2.704240e-05	5.498685e-05
345	14	9	0	5.401075e-04	1.068211e-04	4.204820e-05	6.340165e-05	1.855480e-05	6.272150e-05	2.636805e-05	2.694850e-05	5.543205e-05
346	14	10	0	5.537951e-04	1.064691e-04	4.177785e-05	6.253165e-05	1.845950e-05	6.219840e-05	2.594915e-05	2.676625e-05	5.574475e-05
347	14	11	0	5.664051e-04	1.059544e-04	4.147060e-05	6.163260e-05	1.830650e-05	6.159620e-05	2.557010e-05	2.657645e-05	5.599000e-05
348	14	12	0	5.777261e-04	1.052983e-04	4.112680e-05	6.068115e-05	1.810310e-05	6.094630e-05	2.520570e-05	2.638385e-05	5.609165e-05
349	14	13	0	5.880876e-04	1.045443e-04	4.073190e-05	5.962165e-05	1.787725e-05	6.029060e-05	2.480030e-05	2.617915e-05	5.597970e-05
350	14	14	0	5.973072e-04	1.036919e-04	4.027775e-05	5.852000e-05	1.764460e-05	5.961225e-05	2.438245e-05	2.595160e-05	5.576080e-05
351	14	15	0	6.058834e-04	1.027402e-04	3.976170e-05	5.746515e-05	1.741860e-05	5.885915e-05	2.399460e-05	2.568455e-05	5.565445e-05
352	14	16	0	6.136234e-04	1.017302e-04	3.923205e-05	5.643280e-05	1.718435e-05	5.808285e-05	2.362045e-05	2.540140e-05	5.553915e-05
353	14	17	0	6.204979e-04	1.007137e-04	3.874660e-05	5.535085e-05	1.691790e-05	5.735180e-05	2.322325e-05	2.513500e-05	5.521485e-05
354	14	18	0	6.265004e-04	9.967615e-05	3.826130e-05	5.424900e-05	1.664210e-05	5.662790e-05	2.283115e-05	2.486915e-05	5.478515e-05
355	14	19	0	6.320671e-04	9.856375e-05	3.769105e-05	5.315500e-05	1.638890e-05	5.582470e-05	2.247845e-05	2.456650e-05	5.444640e-05
356	14	20	0	6.370317e-04	9.740730e-05	3.709540e-05	5.208370e-05	1.614585e-05	5.500160e-05	2.215625e-05	2.424120e-05	5.411975e-05
357	14	21	0	6.413870e-04	9.624195e-05	3.656640e-05	5.101695e-05	1.587820e-05	5.424360e-05	2.182690e-05	2.392165e-05	5.364770e-05
358	14	22	0	6.450661e-04	9.507965e-05	3.606935e-05	4.996680e-05	1.559055e-05	5.352745e-05	2.149380e-05	2.362775e-05	5.310055e-05
359	14	23	0	6.483909e-04	9.388920e-05	3.550180e-05	4.890590e-05	1.529150e-05	5.275360e-05	2.115685e-05	2.336160e-05	5.262965e-05
360	15	0	0	3.383649e-04	9.211770e-05	3.626475e-05	6.064315e-05	1.630715e-05	5.893805e-05	2.807630e-05	2.395335e-05	4.228840e-05
361	15	1	0	3.735031e-04	9.633130e-05	3.788645e-05	6.254245e-05	1.705100e-05	6.095295e-05	2.863600e-05	2.492310e-05	4.511640e-05
362	15	2	0	4.046793e-04	9.959650e-05	3.915585e-05	6.381300e-05	1.761195e-05	6.231880e-05	2.885125e-05	2.565420e-05	4.750260e-05
363	15	3	0	4.306254e-04	1.020234e-04	4.015505e-05	6.457210e-05	1.801980e-05	6.310370e-05	2.872890e-05	2.617095e-05	4.946600e-05
364	15	4	0	4.522396e-04	1.039805e-04	4.105085e-05	6.507075e-05	1.836375e-05	6.354660e-05	2.836400e-05	2.655395e-05	5.115855e-05
365	15	5	0	4.719255e-04	1.053890e-04	4.167960e-05	6.523795e-05	1.861160e-05	6.373590e-05	2.794950e-05	2.680040e-05	5.254245e-05
366	15	6	0	4.913856e-04	1.062156e-04	4.195065e-05	6.504300e-05	1.872325e-05	6.372960e-05	2.761980e-05	2.692900e-05	5.359105e-05
367	15	7	0	5.091206e-04	1.067009e-04	4.211095e-05	6.466810e-05	1.871220e-05	6.352375e-05	2.724400e-05	2.701670e-05	5.438950e-05
368	15	8	0	5.251109e-04	1.069045e-04	4.217210e-05	6.413310e-05	1.863195e-05	6.316260e-05	2.680930e-05	2.704240e-05	5.498685e-05
369	15	9	0	5.401075e-04	1.068211e-04	4.204820e-05	6.340165e-05	1.855480e-05	6.272150e-05	2.636805e-05	2.694850e-05	5.543205e-05
370	15	10	0	5.537951e-04	1.064691e-04	4.177785e-05	6.253165e-05	1.845950e-05	6.219840e-05	2.594915e-05	2.676625e-05	5.574475e-05
371	15	11	0	5.664051e-04	1.059544e-04	4.147060e-05	6.163260e-05	1.830650e-05	6.159620e-05	2.557010e-05	2.657645e-05	5.599000e-05
372	15	12	0	5.777261e-04	1.052983e-04	4.112680e-05	6.068115e-05	1.810310e-05	6.094630e-05	2.520570e-05	2.638385e-05	5.609165e-05
373	15	13	0	5.880876e-04	1.045443e-04	4.073190e-05	5.962165e-05	1.787725e-05	6.029060e-05	2.480030e-05	2.617915e-05	5.597970e-05
374	15	14	0	5.973072e-04	1.036919e-04	4.027775e-05	5.852000e-05	1.764460e-05	5.961225e-05	2.438245e-05	2.595160e-05	5.576080e-05
375	15	15	0	6.058834e-04	1.027402e-04	3.976170e-05	5.746515e-05	1.741860e-05	5.885915e-05	2.399460e-05	2.568455e-05	5.565445e-05
376	15	16	0	6.136234e-04	1.017302e-04	3.923205e-05	5.643280e-05	1.718435e-05	5.808285e-05	2.362045e-05	2.540140e-05	5.553915e-05
377	15	17	0	6.204979e-04	1.007137e-04	3.874660e-05	5.535085e-05	1.691790e-05	5.735180e-05	2.322325e-05	2.513500e-05	5.521485e-05
378	15	18	0	6.265004e-04	9.967615e-05	3.826130e-05	5.424900e-05	1.664210e-05	5.662790e-05	2.283115e-05	2.486915e-05	5.478515e-05
379	15	19	0	6.320671e-04	9.856375e-05	3.769105e-05	5.315500e-05	1.638890e-05	5.582470e-05	2.247845e-05	2.456650e-05	5.444640e-05
380	15	20	0	6.370317e-04	9.740730e-05	3.709540e-05	5.208370e-05	1.614585e-05	5.500160e-05	2.215625e-05	2.424120e-05	5.411975e-05
381	15	21	0	6.413870e-04	9.624195e-05	3.656640e-05	5.101695e-05	1.587820e-05	5.424360e-05	2.182690e-05	2.392165e-05	5.364770e-05
382	15	22	0	6.450661e-04	9.507965e-05	3.606935e-05	4.996680e-05	1.559055e-05	5.352745e-05	2.149380e-05	2.362775e-05	5.310055e-05
383	15	23	0	6.483909e-04	9.388920e-05	3.550180e-05	4.890590e-05	1.529150e-05	5.275360e-05	2.115685e-05	2.336160e-05	5.262965e-05
384	16	0	0	3.383649e-04	9.211770e-05	3.626475e-05	6.064315e-05	1.630715e-05	5.893805e-05	2.807630e-05	2.395335e-05	4.228840e-05
385	16	1	0	3.735031e-04	9.633130e-05	3.788645e-05	6.254245e-05	1.705100e-05	6.095295e-05	2.863600e-05	2.492310e-05	4.511640e-05
386	16	2	0	4.046793e-04	9.959650e-05	3.915585e-05	6.381300e-05	1.761195e-05	6.231880e-05	2.885125e-05	2.565420e-05	4.750260e-05
387	16	3	0	4.306254e-04	1.020234e-04	4.015505e-05	6.457210e-05	1.801980e-05	6.310370e-05	2.872890e-05	2.617095e-05	4.946600e-05
388	16	4	0	4.522396e-04	1.039805e-04	4.105085e-05	6.507075e-05	1.836375e-05	6.354660e-05	2.836400e-05	2.655395e-05	5.115855e-05
389	16	5	0	4.719255e-04	1.053890e-04	4.167960e-05	6.523795e-05	1.861160e-05	6.373590e-05	2.794950e-05	2.680040e-05	5.254245e-05
390	16	6	0	4.913856e-04	1.062156e-04	4.195065e-05	6.504300e-05	1.872325e-05	6.372960e-05	2.761980e-05	2.692900e-05	5.359105e-05
391	16	7	0	5.091206e-04	1.067009e-04	4.211095e-05	6.466810e-05	1.871220e-05	6.352375e-05	2.724400e-05	2.701670e-05	5.438950e-05
392	16	8	0	5.251109e-04	1.069045e-04	4.217210e-05	6.413310e-05	1.863195e-05	6.316260e-05	2.680930e-05	2.704240e-05	5.498685e-05
393	16	9	0	5.401075e-04	1.068211e-04	4.204820e-05	6.340165e-05	1.855480e-05	6.272150e-05	2.636805e-05	2.694850e-05	5.543205e-05
394	16	10	0	5.537951e-04	1.064691e-04	4.177785e-05	6.253165e-05	1.845950e-05	6.219840e-05	2.594915e-05	2.676625e-05	5.574475e-05
395	16	11	0	5.664051e-04	1.059544e-04	4.147060e-05	6.163260e-05	1.830650e-05	6.159620e-05	2.557010e-05	2.657645e-05	5.599000e-05
396	16	12	0	5.777261e-04	1.052983e-04	4.112680e-05	6.068115e-05	1.810310e-05	6.094630e-05	2.520570e-05	2.638385e-05	5.609165e-05
397	16	13	0	5.880876e-04	1.045443e-04	4.073190e-05	5.962165e-05	1.787725e-05	6.029060e-05	2.480030e-05	2.617915e-05	5.597970e-05
398	16	14	0	5.973072e-04	1.036919e-04	4.027775e-05	5.852000e-05	1.764460e-05	5.961225e-05	2.438245e-05	2.595160e-05	5.576080e-05
399	16	15	0	6.058834e-04	1.027402e-04	3.976170e-05	5.746515e-05	1.741860e-05	5.885915e-05	2.399460e-05	2.568455e-05	5.565445e-05
400	16	16	0	6.136234e-04	1.017302e-04	3.923205e-05	5.643280e-05	1.718435e-05	5.808285e-05	2.362045e-05	2.540140e-05	5.553915e-05
401	16	17	0	6.204979e-04	1.007137e-04	3.874660e-05	5.535085e-05	1.691790e-05	5.735180e-05	2.322325e-05	2.513500e-05	5.521485e-05
402	16	18	0	6.265004e-04	9.967615e-05	3.826130e-05	5.424900e-05	1.664210e-05	5.662790e-05	2.283115e-05	2.486915e-05	5.478515e-05
403	16	19	0	6.320671e-04	9.856375e-05	3.769105e-05	5.315500e-05	1.638890e-05	5.582470e-05	2.247845e-05	2.456650e-05	5.444640e-05
404	16	20	0	6.370317e-04	9.740730e-05	3.709540e-05	5.208370e-05	1.614585e-05	5.500160e-05	2.215625e-05	2.424120e-05	5.411975e-05
405	16	21	0	6.413870e-04	9.624195e-05	3.656640e-05	5.101695e-05	1.587820e-05	5.424360e-05	2.182690e-05	2.392165e-05	5.364770e-05
406	16	22	0	6.450661e-04	9.507965e-05	3.606935e-05	4.996680e-05	1.559055e-05	5.352745e-05	2.149380e-05	2.362775e-05	5.310055e-05
407	16	23	0	6.483909e-04	9.388920e-05	3.550180e-05	4.890590e-05	1.529150e-05	5.275360e-05	2.115685e-05	2.336160e-05	5.262965e-05
408	17	0	0	3.383649e-04	9.211770e-05	3.626475e-05	6.064315e-05	1.630715e-05	5.893805e-05	2.807630e-05	2.395335e-05	4.228840e-05
409	17	1	0	3.735031e-04	9.633130e-05	3.788645e-05	6.254245e-05	1.705100e-05	6.095295e-05	2.863600e-05	2.492310e-05	4.511640e-05
410	17	2	0	4.046793e-04	9.959650e-05	3.915585e-05	6.381300e-05	1.761195e-05	6.231880e-05	2.885125e-05	2.565420e-05	4.750260e-05
411	17	3	0	4.306254e-04	1.020234e-04	4.015505e-05	6.457210e-05	1.801980e-05	6.310370e-05	2.872890e-05	2.617095e-05	4.946600e-05
412	17	4	0	4.522396e-04	1.039805e-04	4.105085e-05	6.507075e-05	1.836375e-05	6.354660e-05	2.836400e-05	2.655395e-05	5.115855e-05
413	17	5	0	4.719255e-04	1.053890e-04	4.167960e-05	6.523795e-05	1.861160e-05	6.373590e-05	2.794950e-05	2.680040e-05	5.254245e-05
414	17	6	0	4.913856e-04	1.062156e-04	4.195065e-05	6.504300e-05	1.872325e-05	6.372960e-05	2.761980e-05	2.692900e-05	5.359105e-05
415	17	7	0	5.091206e-04	1.067009e-04	4.211095e-05	6.466810e-05	1.871220e-05	6.352375e-05	2.724400e-05	2.701670e-05	5.438950e-05
416	17	8	0	5.251109e-04	1.069045e-04	4.217210e-05	6.413310e-05	1.863195e-05	6.316260e-05	2.680930e-05	2.704240e-05	5.498685e-05
417	17	9	0	5.401075e-04	1.068211e-04	4.204820e-05	6.340165e-05	1.855480e-05	6.272150e-05	2.636805e-05	2.694850e-05	5.543205e-05
418	17	10	0	5.537951e-04	1.064691e-04	4.177785e-05	6.253165e-05	1.845950e-05	6.219840e-05	2.594915e-05	2.676625e-05	5.574475e-05
419	17	11	0	5.664051e-04	1.059544e-04	4.147060e-05	6.163260e-05	1.830650e-05	6.159620e-05	2.557010e-05	2.657645e-05	5.599000e-05
420	17	12	0	5.777261e-04	1.052983e-04	4.112680e-05	6.068115e-05	1.810310e-05	6.094630e-05	2.520570e-05	2.638385e-05	5.609165e-05
421	17	13	0	5.880876e-04	1.045443e-04	4.073190e-05	5.962165e-05	1.787725e-05	6.029060e-05	2.480030e-05	2.617915e-05	5.597970e-05
422	17	14	0	5.973072e-04	1.036919e-04	4.027775e-05	5.852000e-05	1.764460e-05	5.961225e-05	2.438245e-05	2.595160e-05	5.576080e-05
423	17	15	0	6.058834e-04	1.027402e-04	3.976170e-05	5.746515e-05	1.741860e-05	5.885915e-05	2.399460e-05	2.568455e-05	5.565445e-05
424	17	16	0	6.136234e-04	1.017302e-04	3.923205e-05	5.643280e-05	1.718435e-05	5.808285e-05	2.362045e-05	2.540140e-05	5.553915e-05
425	17	17	0	6.204979e-04	1.007137e-04	3.874660e-05	5.535085e-05	1.691790e-05	5.735180e-05	2.322325e-05	2.513500e-05	5.521485e-05
426	17	18	0	6.265004e-04	9.967615e-05	3.826130e-05	5.424900e-05	1.664210e-05	5.662790e-05	2.283115e-05	2.486915e-05	5.478515e-05
427	17	19	0	6.320671e-04	9.856375e-05	3.769105e-05	5.315500e-05	1.638890e-05	5.582470e-05	2.247845e-05	2.456650e-05	5.444640e-05
428	17	20	0	6.370317e-04	9.740730e-05	3.709540e-05	5.208370e-05	1.614585e-05	5.500160e-05	2.215625e-05	2.424120e-05	5.411975e-05
429	17	21	0	6.413870e-04	9.624195e-05	3.656640e-05	5.101695e-05	1.587820e-05	5.424360e-05	2.182690e-05	2.392165e-05	5.364770e-05
430	17	22	0	6.450661e-04	9.507965e-05	3.606935e-05	4.996680e-05	1.559055e-05	5.352745e-05	2.149380e-05	2.362775e-05	5.310055e-05
431	17	23	0	6.483909e-04	9.388920e-05	3.550180e-05	4.890590e-05	1.529150e-05	5.275360e-05	2.115685e-05	2.336160e-05	5.262965e-05
432	18	0	0	3.383649e-04	9.211770e-05	3.626475e-05	6.064315e-05	1.630715e-05	5.893805e-05	2.807630e-05	2.395335e-05	4.228840e-05
433	18	1	0	3.735031e-04	9.633130e-05	3.788645e-05	6.254245e-05	1.705100e-05	6.095295e-05	2.863600e-05	2.492310e-05	4.511640e-05
434	18	2	0	4.046793e-04	9.959650e-05	3.915585e-05	6.381300e-05	1.761195e-05	6.231880e-05	2.885125e-05	2.565420e-05	4.750260e-05
435	18	3	0	4.306254e-04	1.020234e-04	4.015505e-05	6.457210e-05	1.801980e-05	6.310370e-05	2.872890e-05	2.617095e-05	4.946600e-05
436	18	4	0	4.522396e-04	1.039805e-04	4.105085e-05	6.507075e-05	1.836375e-05	6.354660e-05	2.836400e-05	2.655395e-05	5.115855e-05
437	18	5	0	4.719255e-04	1.053890e-04	4.167960e-05	6.523795e-05	1.861160e-05	6.373590e-05	2.794950e-05	2.680040e-05	5.254245e-05
438	18	6	0	4.913856e-04	1.062156e-04	4.195065e-05	6.504300e-05	1.872325e-05	6.372960e-05	2.761980e-05	2.692900e-05	5.359105e-05
439	18	7	0	5.091206e-04	1.067009e-04	4.211095e-05	6.466810e-05	1.871220e-05	6.352375e-05	2.724400e-05	2.701670e-05	5.438950e-05
440	18	8	0	5.251109e-04	1.069045e-04	4.217210e-05	6.413310e-05	1.863195e-05	6.316260e-05	2.680930e-05	2.704240e-05	5.498685e-05
441	18	9	0	5.401075e-04	1.068211e-04	4.204820e-05	6.340165e-05	1.855480e-05	6.272150e-05	2.636805e-05	2.694850e-05	5.543205e-05
442	18	10	0	5.537951e-04	1.064691e-04	4.177785e-05	6.253165e-05	1.845950e-05	6.219840e-05	2.594915e-05	2.676625e-05	5.574475e-05
443	18	11	0	5.664051e-04	1.059544e-04	4.147060e-05	6.163260e-05	1.830650e-05	6.159620e-05	2.557010e-05	2.657645e-05	5.599000e-05
444	18	12	0	5.777261e-04	1.052983e-04	4.112680e-05	6.068115e-05	1.810310e-05	6.094630e-05	2.520570e-05	2.638385e-05	5.609165e-05
445	18	13	0	5.880876e-04	1.045443e-04	4.073190e-05	5.962165e-05	1.787725e-05	6.029060e-05	2.480030e-05	2.617915e-05	5.597970e-05
446	18	14	0	5.973072e-04	1.036919e-04	4.027775e-05	5.852000e-05	1.764460e-05	5.961225e-05	2.438245e-05	2.595160e-05	5.576080e-05
447	18	15	0	6.058834e-04	1.027402e-04	3.976170e-05	5.746515e-05	1.741860e-05	5.885915e-05	2.399460e-05	2.568455e-05	5.565445e-05
448	18	16	0	6.136234e-04	1.017302e-04	3.923205e-05	5.643280e-05	1.718435e-05	5.808285e-05	2.362045e-05	2.540140e-05	5.553915e-05
449	18	17	0	6.204979e-04	1.007137e-04	3.874660e-05	5.535085e-05	1.691790e-05	5.735180e-05	2.322325e-05	2.513500e-05	5.521485e-05
450	18	18	0	6.265004e-04	9.967615e-05	3.826130e-05	5.424900e-05	1.664210e-05	5.662790e-05	2.283115e-05	2.486915e-05	5.478515e-05
451	18	19	0	6.320671e-04	9.856375e-05	3.769105e-05	5.315500e-05	1.638890e-05	5.582470e-05	2.247845e-05	2.456650e-05	5.444640e-05
452	18	20	0	6.370317e-04	9.740730e-05	3.709540e-05	5.208370e-05	1.614585e-05	5.500160e-05	2.215625e-05	2.424120e-05	5.411975e-05
453	18	21	0	6.413870e-04	9.624195e-05	3.656640e-05	5.101695e-05	1.587820e-05	5.424360e-05	2.182690e-05	2.392165e-05	5.364770e-05
454	18	22	0	6.450661e-04	9.507965e-05	3.606935e-05	4.996680e-05	1.559055e-05	5.352745e-05	2.149380e-05	2.362775e-05	5.310055e-05
455	18	23	0	6.483909e-04	9.388920e-05	3.550180e-05	4.890590e-05	1.529150e-05	5.275360e-05	2.115685e-05	2.336160e-05	5.262965e-05
456	19	0	0	3.383649e-04	9.211770e-05	3.626475e-05	6.064315e-05	1.630715e-05	5.893805e-05	2.807630e-05	2.395335e-05	4.228840e-05
457	19	1	0	3.735031e-04	9.633130e-05	3.788645e-05	6.254245e-05	1.705100e-05	6.095295e-05	2.863600e-05	2.492310e-05	4.511640e-05
458	19	2	0	4.046793e-04	9.959650e-05	3.915585e-05	6.381300e-05	1.761195e-05	6.231880e-05	2.885125e-05	2.565420e-05	4.750260e-05
459	19	3	0	4.306254e-04	1.020234e-04	4.015505e-05	6.457210e-05	1.801980e-05	6.310370e-05	2.872890e-05	2.617095e-05	4.946600e-05
460	19	4	0	4.522396e-04	1.039805e-04	4.105085e-05	6.507075e-05	1.836375e-05	6.354660e-05	2.836400e-05	2.655395e-05	5.115855e-05
461	19	5	0	4.719255e-04	1.053890e-04	4.167960e-05	6.523795e-05	1.861160e-05	6.373590e-05	2.794950e-05	2.680040e-05	5.254245e-05
462	19	6	0	4.913856e-04	1.062156e-04	4.195065e-05	6.504300e-05	1.872325e-05	6.372960e-05	2.761980e-05	2.692900e-05	5.359105e-05
463	19	7	0	5.091206e-04	1.067009e-04	4.211095e-05	6.466810e-05	1.871220e-05	6.352375e-05	2.724400e-05	2.701670e-05	5.438950e-05
464	19	8	0	5.251109e-04	1.069045e-04	4.217210e-05	6.413310e-05	1.863195e-05	6.316260e-05	2.680930e-05	2.704240e-05	5.498685e-05
465	19	9	0	5.401075e-04	1.068211e-04	4.204820e-05	6.340165e-05	1.855480e-05	6.272150e-05	2.636805e-05	2.694850e-05	5.543205e-05
466	19	10	0	5.537951e-04	1.064691e-04	4.177785e-05	6.253165e-05	1.845950e-05	6.219840e-05	2.594915e-05	2.676625e-05	5.574475e-05
467	19	11	0	5.664051e-04	1.059544e-04	4.147060e-05	6.163260e-05	1.830650e-05	6.159620e-05	2.557010e-05	2.657645e-05	5.599000e-05
468	19	12	0	5.777261e-04	1.052983e-04	4.112680e-05	6.068115e-05	1.810310e-05	6.094630e-05	2.520570e-05	2.638385e-05	5.609165e-05
469	19	13	0	5.880876e-04	1.045443e-04	4.073190e-05	5.962165e-05	1.787725e-05	6.029060e-05	2.480030e-05	2.617915e-05	5.597970e-05
470	19	14	0	5.973072e-04	1.036919e-04	4.027775e-05	5.852000e-05	1.764460e-05	5.961225e-05	2.438245e-05	2.595160e-05	5.576080e-05
471	19	15	0	6.058834e-04	1.027402e-04	3.976170e-05	5.746515e-05	1.741860e-05	5.885915e-05	2.399460e-05	2.568455e-05	5.565445e-05
472	19	16	0	6.136234e-04	1.017302e-04	3.923205e-05	5.643280e-05	1.718435e-05	5.808285e-05	2.362045e-05	2.540140e-05	5.553915e-05
473	19	17	0	6.204979e-04	1.007137e-04	3.874660e-05	5.535085e-05	1.691790e-05	5.735180e-05	2.322325e-05	2.513500e-05	5.521485e-05
474	19	18	0	6.265004e-04	9.967615e-05	3.826130e-05	5.424900e-05	1.664210e-05	5.662790e-05	2.283115e-05	2.486915e-05	5.478515e-05
475	19	19	0	6.320671e-04	9.856375e-05	3.769105e-05	5.315500e-05	1.638890e-05	5.582470e-05	2.247845e-05	2.456650e-05	5.444640e-05
476	19	20	0	6.370317e-04	9.740730e-05	3.709540e-05	5.208370e-05	1.614585e-05	5.500160e-05	2.215625e-05	2.424120e-05	5.411975e-05
477	19	21	0	6.413870e-04	9.624195e-05	3.656640e-05	5.101695e-05	1.587820e-05	5.424360e-05	2.182690e-05	2.392165e-05	5.364770e-05
478	19	22	0	6.450661e-04	9.507965e-05	3.606935e-05	4.996680e-05	1.559055e-05	5.352745e-05	2.149380e-05	2.362775e-05	5.310055e-05
479	19	23	0	6.483909e-04	9.388920e-05	3.550180e-05	4.890590e-05	1.529150e-05	5.275360e-05	2.115685e-05	2.336160e-05	5.262965e-05
480	20	0	0	3.383649e-04	9.211770e-05	3.626475e-05	6.064315e-05	1.630715e-05	5.893805e-05	2.807630e-05	2.395335e-05	4.228840e-05
481	20	1	0	3.735031e-04	9.633130e-05	3.788645e-05	6.254245e-05	1.705100e-05	6.095295e-05	2.863600e-05	2.492310e-05	4.511640e-05
482	20	2	0	4.046793e-04	9.959650e-05	3.915585e-05	6.381300e-05	1.761195e-05	6.231880e-05	2.885125e-05	2.565420e-05	4.750260e-05
483	20	3	0	4.306254e-04	1.020234e-04	4.015505e-05	6.457210e-05	1.801980e-05	6.310370e-05	2.872890e-05	2.617095e-05	4.946600e-05
484	20	4	0	4.522396e-04	1.039805e-04	4.105085e-05	6.507075e-05	1.836375e-05	6.354660e-05	2.836400e-05	2.655395e-05	5.115855e-05
485	20	5	0	4.719255e-04	1.053890e-04	4.167960e-05	6.523795e-05	1.861160e-05	6.373590e-05	2.794950e-05	2.680040e-05	5.254245e-05
486	20	6	0	4.913856e-04	1.062156e-04	4.195065e-05	6.504300e-05	1.872325e-05	6.372960e-05	2.761980e-05	2.692900e-05	5.359105e-05
487	20	7	0	5.091206e-04	1.067009e-04	4.211095e-05	6.466810e-05	1.871220e-05	6.352375e-05	2.724400e-05	2.701670e-05	5.438950e-05
488	20	8	0	5.251109e-04	1.069045e-04	4.217210e-05	6.413310e-05	1.863195e-05	6.316260e-05	2.680930e-05	2.704240e-05	5.498685e-05
489	20	9	0	5.401075e-04	1.068211e-04	4.204820e-05	6.340165e-05	1.855480e-05	6.272150e-05	2.636805e-05	2.694850e-05	5.543205e-05
490	20	10	0	5.537951e-04	1.064691e-04	4.177785e-05	6.253165e-05	1.845950e-05	6.219840e-05	2.594915e-05	2.676625e-05	5.574475e-05
491	20	11	0	5.664051e-04	1.059544e-04	4.147060e-05	6.163260e-05	1.830650e-05	6.159620e-05	2.557010e-05	2.657645e-05	5.599000e-05
492	20	12	0	5.777261e-04	1.052983e-04	4.112680e-05	6.068115e-05	1.810310e-05	6.094630e-05	2.520570e-05	2.638385e-05	5.609165e-05
493	20	13	0	5.880876e-04	1.045443e-04	4.073190e-05	5.962165e-05	1.787725e-05	6.029060e-05	2.480030e-05	2.617915e-05	5.597970e-05
494	20	14	0	5.973072e-04	1.036919e-04	4.027775e-05	5.852000e-05	1.764460e-05	5.961225e-05	2.438245e-05	2.595160e-05	5.576080e-05
495	20	15	0	6.058834e-04	1.027402e-04	3.976170e-05	5.746515e-05	1.741860e-05	5.885915e-05	2.399460e-05	2.568455e-05	5.565445e-05
496	20	16	0	6.136234e-04	1.017302e-04	3.923205e-05	5.643280e-05	1.718435e-05	5.808285e-05	2.362045e-05	2.540140e-05	5.553915e-05
497	20	17	0	6.204979e-04	1.007137e-04	3.874660e-05	5.535085e-05	1.691790e-05	5.735180e-05	2.322325e-05	2.513500e-05	5.521485e-05
498	20	18	0	6.265004e-04	9.967615e-05	3.826130e-05	5.424900e-05	1.664210e-05	5.662790e-05	2.283115e-05	2.486915e-05	5.478515e-05
499	20	19	0	6.320671e-04	9.856375e-05	3.769105e-05	5.315500e-05	1.638890e-05	5.582470e-05	2.247845e-05	2.456650e-05	5.444640e-05
500	20	20	0	6.370317e-04	9.740730e-05	3.709540e-05	5.208370e-05	1.614585e-05	5.500160e-05	2.215625e-05	2.424120e-05	5.411975e-05
501	20	21	0	6.413870e-04	9.624195e-05	3.656640e-05	5.101695e-05	1.587820e-05	5.424360e-05	2.182690e-05	2.392165e-05	5.364770e-05
502	20	22	0	6.450661e-04	9.507965e-05	3.606935e-05	4.996680e-05	1.559055e-05	5.352745e-05	2.149380e-05	2.362775e-05	5.310055e-05
503	20	23	0	6.483909e-04	9.388920e-05	3.550180e-05	4.890590e-05	1.529150e-05	5.275360e-05	2.115685e-05	2.336160e-05	5.262965e-05
504	21	0	0	3.383649e-04	9.211770e-05	3.626475e-05	6.064315e-05	1.630715e-05	5.893805e-05	2.807630e-05	2.395335e-05	4.228840e-05
505	21	1	0	3.735031e-04	9.633130e-05	3.788645e-05	6.254245e-05	1.705100e-05	6.095295e-05	2.863600e-05	2.492310e-05	4.511640e-05
506	21	2	0	4.046793e-04	9.959650e-05	3.915585e-05	6.381300e-05	1.761195e-05	6.231880e-05	2.885125e-05	2.565420e-05	4.750260e-05
507	21	3	0	4.306254e-04	1.020234e-04	4.015505e-05	6.457210e-05	1.801980e-05	6.310370e-05	2.872890e-05	2.617095e-05	4.946600e-05
508	21	4	0	4.522396e-04	1.039805e-04	4.105085e-05	6.507075e-05	1.836375e-05	6.354660e-05	2.836400e-05	2.655395e-05	5.115855e-05
509	21	5	0	4.719255e-04	1.053890e-04	4.167960e-05	6.523795e-05	1.861160e-05	6.373590e-05	2.794950e-05	2.680040e-05	5.254245e-05
510	21	6	0	4.913856e-04	1.062156e-04	4.195065e-05	6.504300e-05	1.872325e-05	6.372960e-05	2.761980e-05	2.692900e-05	5.359105e-05
511	21	7	0	5.091206e-04	1.067009e-04	4.211095e-05	6.466810e-05	1.871220e-05	6.352375e-05	2.724400e-05	2.701670e-05	5.438950e-05
512	21	8	0	5.251109e-04	1.069045e-04	4.217210e-05	6.413310e-05	1.863195e-05	6.316260e-05	2.680930e-05	2.704240e-05	5.498685e-05
513	21	9	0	5.401075e-04	1.068211e-04	4.204820e-05	6.340165e-05	1.855480e-05	6.272150e-05	2.636805e-05	2.694850e-05	5.543205e-05
514	21	10	0	5.537951e-04	1.064691e-04	4.177785e-05	6.253165e-05	1.845950e-05	6.219840e-05	2.594915e-05	2.676625e-05	5.574475e-05
515	21	11	0	5.664051e-04	1.059544e-04	4.147060e-05	6.163260e-05	1.830650e-05	6.159620e-05	2.557010e-05	2.657645e-05	5.599000e-05
516	21	12	0	5.777261e-04	1.052983e-04	4.112680e-05	6.068115e-05	1.810310e-05	6.094630e-05	2.520570e-05	2.638385e-05	5.609165e-05
517	21	13	0	5.880876e-04	1.045443e-04	4.073190e-05	5.962165e-05	1.787725e-05	6.029060e-05	2.480030e-05	2.617915e-05	5.597970e-05
518	21	14	0	5.973072e-04	1.036919e-04	4.027775e-05	5.852000e-05	1.764460e-05	5.961225e-05	2.438245e-05	2.595160e-05	5.576080e-05
519	21	15	0	6.058834e-04	1.027402e-04	3.976170e-05	5.746515e-05	1.741860e-05	5.885915e-05	2.399460e-05	2.568455e-05	5.565445e-05
520	21	16	0	6.136234e-04	1.017302e-04	3.923205e-05	5.643280e-05	1.718435e-05	5.808285e-05	2.362045e-05	2.540140e-05	5.553915e-05
521	21	17	0	6.204979e-04	1.007137e-04	3.874660e-05	5.535085e-05	1.691790e-05	5.735180e-05	2.322325e-05	2.513500e-05	5.521485e-05
522	21	18	0	6.265004e-04	9.967615e-05	3.826130e-05	5.424900e-05	1.664210e-05	5.662790e-05	2.283115e-05	2.486915e-05	5.478515e-05
523	21	19	0	6.320671e-04	9.856375e-05	3.769105e-05	5.315500e-05	1.638890e-05	5.582470e-05	2.247845e-05	2.456650e-05	5.444640e-05
524	21	20	0	6.370317e-04	9.740730e-05	3.709540e-05	5.208370e-05	1.614585e-05	5.500160e-05	2.215625e-05	2.424120e-05	5.411975e-05
525	21	21	0	6.413870e-04	9.624195e-05	3.656640e-05	5.101695e-05	1.587820e-05	5.424360e-05	2.182690e-05	2.392165e-05	5.364770e-05
526	21	22	0	6.450661e-04	9.507965e-05	3.606935e-05	4.996680e-05	1.559055e-05	5.352745e-05	2.149380e-05	2.362775e-05	5.310055e-05
527	21	23	0	6.483909e-04	9.388920e-05	3.550180e-05	4.890590e-05	1.529150e-05	5.275360e-05	2.115685e-05	2.336160e-05	5.262965e-05
528	22	0	0	3.383649e-04	9.211770e-05	3.626475e-05	6.064315e-05	1.630715e-05	5.893805e-05	2.807630e-05	2.395335e-05	4.228840e-05
529	22	1	0	3.735031e-04	9.633130e-05	3.788645e-05	6.254245e-05	1.705100e-05	6.095295e-05	2.863600e-05	2.492310e-05	4.511640e-05
530	22	2	0	4.046793e-04	9.959650e-05	3.915585e-05	6.381300e-05	1.761195e-05	6.231880e-05	2.885125e-05	2.565420e-05	4.750260e-05
531	22	3	0	4.306254e-04	1.020234e-04	4.015505e-05	6.457210e-05	1.801980e-05	6.310370e-05	2.872890e-05	2.617095e-05	4.946600e-05
532	22	4	0	4.522396e-04	1.039805e-04	4.105085e-05	6.507075e-05	1.836375e-05	6.354660e-05	2.836400e-05	2.655395e-05	5.115855e-05
533	22	5	0	4.719255e-04	1.053890e-04	4.167960e-05	6.523795e-05	1.861160e-05	6.373590e-05	2.794950e-05	2.680040e-05	5.254245e-05
534	22	6	0	4.913856e-04	1.062156e-04	4.195065e-05	6.504300e-05	1.872325e-05	6.372960e-05	2.761980e-05	2.692900e-05	5.359105e-05
535	22	7	0	5.091206e-04	1.067009e-04	4.211095e-05	6.466810e-05	1.871220e-05	6.352375e-05	2.724400e-05	2.701670e-05	5.438950e-05
536	22	8	0	5.251109e-04	1.069045e-04	4.217210e-05	6.413310e-05	1.863195e-05	6.316260e-05	2.680930e-05	2.704240e-05	5.498685e-05
537	22	9	0	5.401075e-04	1.068211e-04	4.204820e-05	6.340165e-05	1.855480e-05	6.272150e-05	2.636805e-05	2.694850e-05	5.543205e-05
538	22	10	0	5.537951e-04	1.064691e-04	4.177785e-05	6.253165e-05	1.845950e-05	6.219840e-05	2.594915e-05	2.676625e-05	5.574475e-05
539	22	11	0	5.664051e-04	1.059544e-04	4.147060e-05	6.163260e-05	1.830650e-05	6.159620e-05	2.557010e-05	2.657645e-05	5.599000e-05
540	22	12	0	5.777261e-04	1.052983e-04	4.112680e-05	6.068115e-05	1.810310e-05	6.094630e-05	2.520570e-05	2.638385e-05	5.609165e-05
541	22	13	0	5.880876e-04	1.045443e-04	4.073190e-05	5.962165e-05	1.787725e-05	6.029060e-05	2.480030e-05	2.617915e-05	5.597970e-05
542	22	14	0	5.973072e-04	1.036919e-04	4.027775e-05	5.852000e-05	1.764460e-05	5.961225e-05	2.438245e-05	2.595160e-05	5.576080e-05
543	22	15	0	6.058834e-04	1.027402e-04	3.976170e-05	5.746515e-05	1.741860e-05	5.885915e-05	2.399460e-05	2.568455e-05	5.565445e-05
544	22	16	0	6.136234e-04	1.017302e-04	3.923205e-05	5.643280e-05	1.718435e-05	5.808285e-05	2.362045e-05	2.540140e-05	5.553915e-05
545	22	17	0	6.204979e-04	1.007137e-04	3.874660e-05	5.535085e-05	1.691790e-05	5.735180e-05	2.322325e-05	2.513500e-05	5.521485e-05
546	22	18	0	6.265004e-04	9.967615e-05	3.826130e-05	5.424900e-05	1.664210e-05	5.662790e-05	2.283115e-05	2.486915e-05	5.478515e-05
547	22	19	0	6.320671e-04	9.856375e-05	3.769105e-05	5.315500e-05	1.638890e-05	5.582470e-05	2.247845e-05	2.456650e-05	5.444640e-05
548	22	20	0	6.370317e-04	9.740730e-05	3.709540e-05	5.208370e-05	1.614585e-05	5.500160e-05	2.215625e-05	2.424120e-05	5.411975e-05
549	22	21	0	6.413870e-04	9.624195e-05	3.656640e-05	5.101695e-05	1.587820e-05	5.424360e-05	2.182690e-05	2.392165e-05	5.364770e-05
550	22	22	0	6.450661e-04	9.507965e-05	3.606935e-05	4.996680e-05	1.559055e-05	5.352745e-05	2.149380e-05	2.362775e-05	5.310055e-05
551	22	23	0	6.483909e-04	9.388920e-05	3.550180e-05	4.890590e-05	1.529150e-05	5.275360e-05	2.115685e-05	2.336160e-05	5.262965e-05
552	23	0	0	3.383649e-04	9.211770e-05	3.626475e-05	6.064315e-05	1.630715e-05	5.893805e-05	2.807630e-05	2.395335e-05	4.228840e-05
553	23	1	0	3.735031e-04	9.633130e-05	3.788645e-05	6.254245e-05	1.705100e-05	6.095295e-05	2.863600e-05	2.492310e-05	4.511640e-05
554	23	2	0	4.046793e-04	9.959650e-05	3.915585e-05	6.381300e-05	1.761195e-05	6.231880e-05	2.885125e-05	2.565420e-05	4.750260e-05
555	23	3	0	4.306254e-04	1.020234e-04	4.015505e-05	6.457210e-05	1.801980e-05	6.310370e-05	2.872890e-05	2.617095e-05	4.946600e-05
556	23	4	0	4.522396e-04	1.039805e-04	4.105085e-05	6.507075e-05	1.836375e-05	6.354660e-05	2.836400e-05	2.655395e-05	5.115855e-05
557	23	5	0	4.719255e-04	1.053890e-04	4.167960e-05	6.523795e-05	1.861160e-05	6.373590e-05	2.794950e-05	2.680040e-05	5.254245e-05
558	23	6	0	4.913856e-04	1.062156e-04	4.195065e-05	6.504300e-05	1.872325e-05	6.372960e-05	2.761980e-05	2.692900e-05	5.359105e-05
559	23	7	0	5.091206e-04	1.067009e-04	4.211095e-05	6.466810e-05	1.871220e-05	6.352375e-05	2.724400e-05	2.701670e-05	5.438950e-05
560	23	8	0	5.251109e-04	1.069045e-04	4.217210e-05	6.413310e-05	1.863195e-05	6.316260e-05	2.680930e-05	2.704240e-05	5.498685e-05
561	23	9	0	5.401075e-04	1.068211e-04	4.204820e-05	6.340165e-05	1.855480e-05	6.272150e-05	2.636805e-05	2.694850e-05	5.543205e-05
562	23	10	0	5.537951e-04	1.064691e-04	4.177785e-05	6.253165e-05	1.845950e-05	6.219840e-05	2.594915e-05	2.676625e-05	5.574475e-05
563	23	11	0	5.664051e-04	1.059544e-04	4.147060e-05	6.163260e-05	1.830650e-05	6.159620e-05	2.557010e-05	2.657645e-05	5.599000e-05
564	23	12	0	5.777261e-04	1.052983e-04	4.112680e-05	6.068115e-05	1.810310e-05	6.094630e-05	2.520570e-05	2.638385e-05	5.609165e-05
565	23	13	0	5.880876e-04	1.045443e-04	4.073190e-05	5.962165e-05	1.787725e-05	6.029060e-05	2.480030e-05	2.617915e-05	5.597970e-05
566	23	14	0	5.973072e-04	1.036919e-04	4.027775e-05	5.852000e-05	1.764460e-05	5.961225e-05	2.438245e-05	2.595160e-05	5.576080e-05
567	23	15	0	6.058834e-04	1.027402e-04	3.976170e-05	5.746515e-05	1.741860e-05	5.885915e-05	2.399460e-05	2.568455e-05	5.565445e-05
568	23	16	0	6.136234e-04	1.017302e-04	3.923205e-05	5.643280e-05	1.718435e-05	5.808285e-05	2.362045e-05	2.540140e-05	5.553915e-05
569	23	17	0	6.204979e-04	1.007137e-04	3.874660e-05	5.535085e-05	1.691790e-05	5.735180e-05	2.322325e-05	2.513500e-05	5.521485e-05
570	23	18	0	6.265004e-04	9.967615e-05	3.826130e-05	5.424900e-05	1.664210e-05	5.662790e-05	2.283115e-05	2.486915e-05	5.478515e-05
571	23	19	0	6.320671e-04	9.856375e-05	3.769105e-05	5.315500e-05	1.638890e-05	5.582470e-05	2.247845e-05	2.456650e-05	5.444640e-05
572	23	20	0	6.370317e-04	9.740730e-05	3.709540e-05	5.208370e-05	1.614585e-05	5.500160e-05	2.215625e-05	2.424120e-05	5.411975e-05
573	23	21	0	6.413870e-04	9.624195e-05	3.656640e-05	5.101695e-05	1.587820e-05	5.424360e-05	2.182690e-05	2.392165e-05	5.364770e-05
574	23	22	0	6.450661e-04	9.507965e-05	3.606935e-05	4.996680e-05	1.559055e-05	5.352745e-05	2.149380e-05	2.362775e-05	5.310055e-05
575	23	23	0	6.483909e-04	9.388920e-05	3.550180e-05	4.890590e-05	1.529150e-05	5.275360e-05	2.115685e-05	2.336160e-05	5.262965e-05
576	24	0	0	3.383649e-04	9.211770e-05	3.626475e-05	6.064315e-05	1.630715e-05	5.893805e-05	2.807630e-05	2.395335e-05	4.228840e-05
577	24	1	0	3.735031e-04	9.633130e-05	3.788645e-05	6.254245e-05	1.705100e-05	6.095295e-05	2.863600e-05	2.492310e-05	4.511640e-05
578	24	2	0	4.046793e-04	9.959650e-05	3.915585e-05	6.381300e-05	1.761195e-05	6.231880e-05	2.885125e-05	2.565420e-05	4.750260e-05
579	24	3	0	4.306254e-04	1.020234e-04	4.015505e-05	6.457210e-05	1.801980e-05	6.310370e-05	2.872890e-05	2.617095e-05	4.946600e-05
580	24	4	0	4.522396e-04	1.039805e-04	4.105085e-05	6.507075e-05	1.836375e-05	6.354660e-05	2.836400e-05	2.655395e-05	5.115855e-05
581	24	5	0	4.719255e-04	1.053890e-04	4.167960e-05	6.523795e-05	1.861160e-05	6.373590e-05	2.794950e-05	2.680040e-05	5.254245e-05
582	24	6	0	4.913856e-04	1.062156e-04	4.195065e-05	6.504300e-05	1.872325e-05	6.372960e-05	2.761980e-05	2.692900e-05	5.359105e-05
583	24	7	0	5.091206e-04	1.067009e-04	4.211095e-05	6.466810e-05	1.871220e-05	6.352375e-05	2.724400e-05	2.701670e-05	5.438950e-05
584	24	8	0	5.251109e-04	1.069045e-04	4.217210e-05	6.413310e-05	1.863195e-05	6.316260e-05	2.680930e-05	2.704240e-05	5.498685e-05
585	24	9	0	5.401075e-04	1.068211e-04	4.204820e-05	6.340165e-05	1.855480e-05	6.272150e-05	2.636805e-05	2.694850e-05	5.543205e-05
586	24	10	0	5.537951e-04	1.064691e-04	4.177785e-05	6.253165e-05	1.845950e-05	6.219840e-05	2.594915e-05	2.676625e-05	5.574475e-05
587	24	11	0	5.664051e-04	1.059544e-04	4.147060e-05	6.163260e-05	1.830650e-05	6.159620e-05	2.557010e-05	2.657645e-05	5.599000e-05
588	24	12	0	5.777261e-04	1.052983e-04	4.112680e-05	6.068115e-05	1.810310e-05	6.094630e-05	2.520570e-05	2.638385e-05	5.609165e-05
589	24	13	0	5.880876e-04	1.045443e-04	4.073190e-05	5.962165e-05	1.787725e-05	6.029060e-05	2.480030e-05	2.617915e-05	5.597970e-05
590	24	14	0	5.973072e-04	1.036919e-04	4.027775e-05	5.852000e-05	1.764460e-05	5.961225e-05	2.438245e-05	2.595160e-05	5.576080e-05
591	24	15	0	6.058834e-04	1.027402e-04	3.976170e-05	5.746515e-05	1.741860e-05	5.885915e-05	2.399460e-05	2.568455e-05	5.565445e-05
592	24	16	0	6.136234e-04	1.017302e-04	3.923205e-05	5.643280e-05	1.718435e-05	5.808285e-05	2.362045e-05	2.540140e-05	5.553915e-05
593	24	17	0	6.204979e-04	1.007137e-04	3.874660e-05	5.535085e-05	1.691790e-05	5.735180e-05	2.322325e-05	2.513500e-05	5.521485e-05
594	24	18	0	6.265004e-04	9.967615e-05	3.826130e-05	5.424900e-05	1.664210e-05	5.662790e-05	2.283115e-05	2.486915e-05	5.478515e-05
595	24	19	0	6.320671e-04	9.856375e-05	3.769105e-05	5.315500e-05	1.638890e-05	5.582470e-05	2.247845e-05	2.456650e-05	5.444640e-05
596	24	20	0	6.370317e-04	9.740730e-05	3.709540e-05	5.208370e-05	1.614585e-05	5.500160e-05	2.215625e-05	2.424120e-05	5.411975e-05
597	24	21	0	6.413870e-04	9.624195e-05	3.656640e-05	5.101695e-05	1.587820e-05	5.424360e-05	2.182690e-05	2.392165e-05	5.364770e-05
598	24	22	0	6.450661e-04	9.507965e-05	3.606935e-05	4.996680e-05	1.559055e-05	5.352745e-05	2.149380e-05	2.362775e-05	5.310055e-05
599	24	23	0	6.483909e-04	9.388920e-05	3.550180e-05	4.890590e-05	1.529150e-05	5.275360e-05	2.115685e-05	2.336160e-05	5.262965e-05
600	25	0	0	3.383649e-04	9.211770e-05	3.626475e-05	6.064315e-05	1.630715e-05	5.893805e-05	2.807630e-05	2.395335e-05	4.228840e-05
601	25	1	0	3.735031e-04	9.633130e-05	3.788645e-05	6.254245e-05	1.705100e-05	6.095295e-05	2.863600e-05	2.492310e-05	4.511640e-05
602	25	2	0	4.046793e-04	9.959650e-05	3.915585e-05	6.381300e-05	1.761195e-05	6.231880e-05	2.885125e-05	2.565420e-05	4.750260e-05
603	25	3	0	4.306254e-04	1.020234e-04	4.015505e-05	6.457210e-05	1.801980e-05	6.310370e-05	2.872890e-05	2.617095e-05	4.946600e-05
604	25	4	0	4.522396e-04	1.039805e-04	4.105085e-05	6.507075e-05	1.836375e-05	6.354660e-05	2.836400e-05	2.655395e-05	5.115855e-05
605	25	5	0	4.719255e-04	1.053890e-04	4.167960e-05	6.523795e-05	1.861160e-05	6.373590e-05	2.794950e-05	2.680040e-05	5.254245e-05
606	25	6	0	4.913856e-04	1.062156e-04	4.195065e-05	6.504300e-05	1.872325e-05	6.372960e-05	2.761980e-05	2.692900e-05	5.359105e-05
607	25	7	0	5.091206e-04	1.067009e-04	4.211095e-05	6.466810e-05	1.871220e-05	6.352375e-05	2.724400e-05	2.701670e-05	5.438950e-05
608	25	8	0	5.251109e-04	1.069045e-04	4.217210e-05	6.413310e-05	1.863195e-05	6.316260e-05	2.680930e-05	2.704240e-05	5.498685e-05
609	25	9	0	5.401075e-04	1.068211e-04	4.204820e-05	6.340165e-05	1.855480e-05	6.272150e-05	2.636805e-05	2.694850e-05	5.543205e-05
610	25	10	0	5.537951e-04	1.064691e-04	4.177785e-05	6.253165e-05	1.845950e-05	6.219840e-05	2.594915e-05	2.676625e-05	5.574475e-05
611	25	11	0	5.664051e-04	1.059544e-04	4.147060e-05	6.163260e-05	1.830650e-05	6.159620e-05	2.557010e-05	2.657645e-05	5.599000e-05
612	25	12	0	5.777261e-04	1.052983e-04	4.112680e-05	6.068115e-05	1.810310e-05	6.094630e-05	2.520570e-05	2.638385e-05	5.609165e-05
613	25	13	0	5.880876e-04	1.045443e-04	4.073190e-05	5.962165e-05	1.787725e-05	6.029060e-05	2.480030e-05	2.617915e-05	5.597970e-05
614	25	14	0	5.973072e-04	1.036919e-04	4.027775e-05	5.852000e-05	1.764460e-05	5.961225e-05	2.438245e-05	2.595160e-05	5.576080e-05
615	25	15	0	6.058834e-04	1.027402e-04	3.976170e-05	5.746515e-05	1.741860e-05	5.885915e-05	2.399460e-05	2.568455e-05	5.565445e-05
616	25	16	0	6.136234e-04	1.017302e-04	3.923205e-05	5.643280e-05	1.718435e-05	5.808285e-05	2.362045e-05	2.540140e-05	5.553915e-05
617	25	17	0	6.204979e-04	1.007137e-04	3.874660e-05	5.535085e-05	1.691790e-05	5.735180e-05	2.322325e-05	2.513500e-05	5.521485e-05
618	25	18	0	6.265004e-04	9.967615e-05	3.826130e-05	5.424900e-05	1.664210e-05	5.662790e-05	2.283115e-05	2.486915e-05	5.478515e-05
619	25	19	0	6.320671e-04	9.856375e-05	3.769105e-05	5.315500e-05	1.638890e-05	5.582470e-05	2.247845e-05	2.456650e-05	5.444640e-05
620	25	20	0	6.370317e-04	9.740730e-05	3.709540e-05	5.208370e-05	1.614585e-05	5.500160e-05	2.215625e-05	2.424120e-05	5.411975e-05
621	25	21	0	6.413870e-04	9.624195e-05	3.656640e-05	5.101695e-05	1.587820e-05	5.424360e-05	2.182690e-05	2.392165e-05	5.364770e-05
622	25	22	0	6.450661e-04	9.507965e-05	3.606935e-05	4.996680e-05	1.559055e-05	5.352745e-05	2.149380e-05	2.362775e-05	5.310055e-05
623	25	23	0	6.483909e-04	9.388920e-05	3.550180e-05	4.890590e-05	1.529150e-05	5.275360e-05	2.115685e-05	2.336160e-05	5.262965e-05
624	26	0	0	3.383649e-04	9.211770e-05	3.626475e-05	6.064315e-05	1.630715e-05	5.893805e-05	2.807630e-05	2.395335e-05	4.228840e-05
625	26	1	0	3.735031e-04	9.633130e-05	3.788645e-05	6.254245e-05	1.705100e-05	6.095295e-05	2.863600e-05	2.492310e-05	4.511640e-05
626	26	2	0	4.046793e-04	9.959650e-05	3.915585e-05	6.381300e-05	1.761195e-05	6.231880e-05	2.885125e-05	2.565420e-05	4.750260e-05
627	26	3	0	4.306254e-04	1.020234e-04	4.015505e-05	6.457210e-05	1.801980e-05	6.310370e-05	2.872890e-05	2.617095e-05	4.946600e-05
628	26	4	0	4.522396e-04	1.039805e-04	4.105085e-05	6.507075e-05	1.836375e-05	6.354660e-05	2.836400e-05	2.655395e-05	5.115855e-05
629	26	5	0	4.719255e-04	1.053890e-04	4.167960e-05	6.523795e-05	1.861160e-05	6.373590e-05	2.794950e-05	2.680040e-05	5.254245e-05
630	26	6	0	4.913856e-04	1.062156e-04	4.195065e-05	6.504300e-05	1.872325e-05	6.372960e-05	2.761980e-05	2.692900e-05	5.359105e-05
631	26	7	0	5.091206e-04	1.067009e-04	4.211095e-05	6.466810e-05	1.871220e-05	6.352375e-05	2.724400e-05	2.701670e-05	5.438950e-05
632	26	8	0	5.251109e-04	1.069045e-04	4.217210e-05	6.413310e-05	1.863195e-05	6.316260e-05	2.680930e-05	2.704240e-05	5.498685e-05
633	26	9	0	5.401075e-04	1.068211e-04	4.204820e-05	6.340165e-05	1.855480e-05	6.272150e-05	2.636805e-05	2.694850e-05	5.543205e-05
634	26	10	0	5.537951e-04	1.064691e-04	4.177785e-05	6.253165e-05	1.845950e-05	6.219840e-05	2.594915e-05	2.676625e-05	5.574475e-05
635	26	11	0	5.664051e-04	1.059544e-04	4.147060e-05	6.163260e-05	1.830650e-05	6.159620e-05	2.557010e-05	2.657645e-05	5.599000e-05
636	26	12	0	5.777261e-04	1.052983e-04	4.112680e-05	6.068115e-05	1.810310e-05	6.094630e-05	2.520570e-05	2.638385e-05	5.609165e-05
637	26	13	0	5.880876e-04	1.045443e-04	4.073190e-05	5.962165e-05	1.787725e-05	6.029060e-05	2.480030e-05	2.617915e-05	5.597970e-05
638	26	14	0	5.973072e-04	1.036919e-04	4.027775e-05	5.852000e-05	1.764460e-05	5.961225e-05	2.438245e-05	2.595160e-05	5.576080e-05
639	26	15	0	6.058834e-04	1.027402e-04	3.976170e-05	5.746515e-05	1.741860e-05	5.885915e-05	2.399460e-05	2.568455e-05	5.565445e-05
640	26	16	0	6.136234e-04	1.017302e-04	3.923205e-05	5.643280e-05	1.718435e-05	5.808285e-05	2.362045e-05	2.540140e-05	5.553915e-05
641	26	17	0	6.204979e-04	1.007137e-04	3.874660e-05	5.535085e-05	1.691790e-05	5.735180e-05	2.322325e-05	2.513500e-05	5.521485e-05
642	26	18	0	6.265004e-04	9.967615e-05	3.826130e-05	5.424900e-05	1.664210e-05	5.662790e-05	2.283115e-05	2.486915e-05	5.478515e-05
643	26	19	0	6.320671e-04	9.856375e-05	3.769105e-05	5.315500e-05	1.638890e-05	5.582470e-05	2.247845e-05	2.456650e-05	5.444640e-05
644	26	20	0	6.370317e-04	9.740730e-05	3.709540e-05	5.208370e-05	1.614585e-05	5.500160e-05	2.215625e-05	2.424120e-05	5.411975e-05
645	26	21	0	6.413870e-04	9.624195e-05	3.656640e-05	5.101695e-05	1.587820e-05	5.424360e-05	2.182690e-05	2.392165e-05	5.364770e-05
646	26	22	0	6.450661e-04	9.507965e-05	3.606935e-05	4.996680e-05	1.559055e-05	5.352745e-05	2.149380e-05	2.362775e-05	5.310055e-05
647	26	23	0	6.483909e-04	9.388920e-05	3.550180e-05	4.890590e-05	1.529150e-05	5.275360e-05	2.115685e-05	2.336160e-05	5.262965e-05
648	27	0	0	3.383649e-04	9.211770e-05	3.626475e-05	6.064315e-05	1.630715e-05	5.893805e-05	2.807630e-05	2.395335e-05	4.228840e-05
649	27	1	0	3.735031e-04	9.633130e-05	3.788645e-05	6.254245e-05	1.705100e-05	6.095295e-05	2.863600e-05	2.492310e-05	4.511640e-05
650	27	2	0	4.046793e-04	9.959650e-05	3.915585e-05	6.381300e-05	1.761195e-05	6.231880e-05	2.885125e-05	2.565420e-05	4.750260e-05
651	27	3	0	4.306254e-04	1.020234e-04	4.015505e-05	6.457210e-05	1.801980e-05	6.310370e-05	2.872890e-05	2.617095e-05	4.946600e-05
652	27	4	0	4.522396e-04	1.039805e-04	4.105085e-05	6.507075e-05	1.836375e-05	6.354660e-05	2.836400e-05	2.655395e-05	5.115855e-05
653	27	5	0	4.719255e-04	1.053890e-04	4.167960e-05	6.523795e-05	1.861160e-05	6.373590e-05	2.794950e-05	2.680040e-05	5.254245e-05
654	27	6	0	4.913856e-04	1.062156e-04	4.195065e-05	6.504300e-05	1.872325e-05	6.372960e-05	2.761980e-05	2.692900e-05	5.359105e-05
655	27	7	0	5.091206e-04	1.067009e-04	4.211095e-05	6.466810e-05	1.871220e-05	6.352375e-05	2.724400e-05	2.701670e-05	5.438950e-05
656	27	8	0	5.251109e-04	1.069045e-04	4.217210e-05	6.413310e-05	1.863195e-05	6.316260e-05	2.680930e-05	2.704240e-05	5.498685e-05
657	27	9	0	5.401075e-04	1.068211e-04	4.204820e-05	6.340165e-05	1.855480e-05	6.272150e-05	2.636805e-05	2.694850e-05	5.543205e-05
658	27	10	0	5.537951e-04	1.064691e-04	4.177785e-05	6.253165e-05	1.845950e-05	6.219840e-05	2.594915e-05	2.676625e-05	5.574475e-05
659	27	11	0	5.664051e-04	1.059544e-04	4.147060e-05	6.163260e-05	1.830650e-05	6.159620e-05	2.557010e-05	2.657645e-05	5.599000e-05
660	27	12	0	5.777261e-04	1.052983e-04	4.112680e-05	6.068115e-05	1.810310e-05	6.094630e-05	2.520570e-05	2.638385e-05	5.609165e-05
661	27	13	0	5.880876e-04	1.045443e-04	4.073190e-05	5.962165e-05	1.787725e-05	6.029060e-05	2.480030e-05	2.617915e-05	5.597970e-05
662	27	14	0	5.973072e-04	1.036919e-04	4.027775e-05	5.852000e-05	1.764460e-05	5.961225e-05	2.438245e-05	2.595160e-05	5.576080e-05
663	27	15	0	6.058834e-04	1.027402e-04	3.976170e-05	5.746515e-05	1.741860e-05	5.885915e-05	2.399460e-05	2.568455e-05	5.565445e-05
664	27	16	0	6.136234e-04	1.017302e-04	3.923205e-05	5.643280e-05	1.718435e-05	5.808285e-05	2.362045e-05	2.540140e-05	5.553915e-05
665	27	17	0	6.204979e-04	1.007137e-04	3.874660e-05	5.535085e-05	1.691790e-05	5.735180e-05	2.322325e-05	2.513500e-05	5.521485e-05
666	27	18	0	6.265004e-04	9.967615e-05	3.826130e-05	5.424900e-05	1.664210e-05	5.662790e-05	2.283115e-05	2.486915e-05	5.478515e-05
667	27	19	0	6.320671e-04	9.856375e-05	3.769105e-05	5.315500e-05	1.638890e-05	5.582470e-05	2.247845e-05	2.456650e-05	5.444640e-05
668	27	20	0	6.370317e-04	9.740730e-05	3.709540e-05	5.208370e-05	1.614585e-05	5.500160e-05	2.215625e-05	2.424120e-05	5.411975e-05
669	27	21	0	6.413870e-04	9.624195e-05	3.656640e-05	5.101695e-05	1.587820e-05	5.424360e-05	2.182690e-05	2.392165e-05	5.364770e-05
670	27	22	0	6.450661e-04	9.507965e-05	3.606935e-05	4.996680e-05	1.559055e-05	5.352745e-05	2.149380e-05	2.362775e-05	5.310055e-05
671	27	23	0	6.483909e-04	9.388920e-05	3.550180e-05	4.890590e-05	1.529150e-05	5.275360e-05	2.115685e-05	2.336160e-05	5.262965e-05
672	28	0	0	3.383649e-04	9.211770e-05	3.626475e-05	6.064315e-05	1.630715e-05	5.893805e-05	2.807630e-05	2.395335e-05	4.228840e-05
673	28	1	0	3.735031e-04	9.633130e-05	3.788645e-05	6.254245e-05	1.705100e-05	6.095295e-05	2.863600e-05	2.492310e-05	4.511640e-05
674	28	2	0	4.046793e-04	9.959650e-05	3.915585e-05	6.381300e-05	1.761195e-05	6.231880e-05	2.885125e-05	2.565420e-05	4.750260e-05
675	28	3	0	4.306254e-04	1.020234e-04	4.015505e-05	6.457210e-05	1.801980e-05	6.310370e-05	2.872890e-05	2.617095e-05	4.946600e-05
676	28	4	0	4.522396e-04	1.039805e-04	4.105085e-05	6.507075e-05	1.836375e-05	6.354660e-05	2.836400e-05	2.655395e-05	5.115855e-05
677	28	5	0	4.719255e-04	1.053890e-04	4.167960e-05	6.523795e-05	1.861160e-05	6.373590e-05	2.794950e-05	2.680040e-05	5.254245e-05
678	28	6	0	4.913856e-04	1.062156e-04	4.195065e-05	6.504300e-05	1.872325e-05	6.372960e-05	2.761980e-05	2.692900e-05	5.359105e-05
679	28	7	0	5.091206e-04	1.067009e-04	4.211095e-05	6.466810e-05	1.871220e-05	6.352375e-05	2.724400e-05	2.701670e-05	5.438950e-05
680	28	8	0	5.251109e-04	1.069045e-04	4.217210e-05	6.413310e-05	1.863195e-05	6.316260e-05	2.680930e-05	2.704240e-05	5.498685e-05
681	28	9	0	5.401075e-04	1.068211e-04	4.204820e-05	6.340165e-05	1.855480e-05	6.272150e-05	2.636805e-05	2.694850e-05	5.543205e-05
682	28	10	0	5.537951e-04	1.064691e-04	4.177785e-05	6.253165e-05	1.845950e-05	6.219840e-05	2.594915e-05	2.676625e-05	5.574475e-05
683	28	11	0	5.664051e-04	1.059544e-04	4.147060e-05	6.163260e-05	1.830650e-05	6.159620e-05	2.557010e-05	2.657645e-05	5.599000e-05
684	28	12	0	5.777261e-04	1.052983e-04	4.112680e-05	6.068115e-05	1.810310e-05	6.094630e-05	2.520570e-05	2.638385e-05	5.609165e-05
685	28	13	0	5.880876e-04	1.045443e-04	4.073190e-05	5.962165e-05	1.787725e-05	6.029060e-05	2.480030e-05	2.617915e-05	5.597970e-05
686	28	14	0	5.973072e-04	1.036919e-04	4.027775e-05	5.852000e-05	1.764460e-05	5.961225e-05	2.438245e-05	2.595160e-05	5.576080e-05
687	28	15	0	6.058834e-04	1.027402e-04	3.976170e-05	5.746515e-05	1.741860e-05	5.885915e-05	2.399460e-05	2.568455e-05	5.565445e-05
688	28	16	0	6.136234e-04	1.017302e-04	3.923205e-05	5.643280e-05	1.718435e-05	5.808285e-05	2.362045e-05	2.540140e-05	5.553915e-05
689	28	17	0	6.204979e-04	1.007137e-04	3.874660e-05	5.535085e-05	1.691790e-05	5.735180e-05	2.322325e-05	2.513500e-05	5.521485e-05
690	28	18	0	6.265004e-04	9.967615e-05	3.826130e-05	5.424900e-05	1.664210e-05	5.662790e-05	2.283115e-05	2.486915e-05	5.478515e-05
691	28	19	0	6.320671e-04	9.856375e-05	3.769105e-05	5.315500e-05	1.638890e-05	5.582470e-05	2.247845e-05	2.456650e-05	5.444640e-05
692	28	20	0	6.370317e-04	9.740730e-05	3.709540e-05	5.208370e-05	1.614585e-05	5.500160e-05	2.215625e-05	2.424120e-05	5.411975e-05
693	28	21	0	6.413870e-04	9.624195e-05	3.656640e-05	5.101695e-05	1.587820e-05	5.424360e-05	2.182690e-05	2.392165e-05	5.364770e-05
694	28	22	0	6.450661e-04	9.507965e-05	3.606935e-05	4.996680e-05	1.559055e-05	5.352745e-05	2.149380e-05	2.362775e-05	5.310055e-05
695	28	23	0	6.483909e-04	9.388920e-05	3.550180e-05	4.890590e-05	1.529150e-05	5.275360e-05	2.115685e-05	2.336160e-05	5.262965e-05
696	29	0	0	3.383649e-04	9.211770e-05	3.626475e-05	6.064315e-05	1.630715e-05	5.893805e-05	2.807630e-05	2.395335e-05	4.228840e-05
697	29	1	0	3.735031e-04	9.633130e-05	3.788645e-05	6.254245e-05	1.705100e-05	6.095295e-05	2.863600e-05	2.492310e-05	4.511640e-05
698	29	2	0	4.046793e-04	9.959650e-05	3.915585e-05	6.381300e-05	1.761195e-05	6.231880e-05	2.885125e-05	2.565420e-05	4.750260e-05
699	29	3	0	4.306254e-04	1.020234e-04	4.015505e-05	6.457210e-05	1.801980e-05	6.310370e-05	2.872890e-05	2.617095e-05	4.946600e-05
700	29	4	0	4.522396e-04	1.039805e-04	4.105085e-05	6.507075e-05	1.836375e-05	6.354660e-05	2.836400e-05	2.655395e-05	5.115855e-05
701	29	5	0	4.719255e-04	1.053890e-04	4.167960e-05	6.523795e-05	1.861160e-05	6.373590e-05	2.794950e-05	2.680040e-05	5.254245e-05
702	29	6	0	4.913856e-04	1.062156e-04	4.195065e-05	6.504300e-05	1.872325e-05	6.372960e-05	2.761980e-05	2.692900e-05	5.359105e-05
703	29	7	0	5.091206e-04	1.067009e-04	4.211095e-05	6.466810e-05	1.871220e-05	6.352375e-05	2.724400e-05	2.701670e-05	5.438950e-05
704	29	8	0	5.251109e-04	1.069045e-04	4.217210e-05	6.413310e-05	1.863195e-05	6.316260e-05	2.680930e-05	2.704240e-05	5.498685e-05
705	29	9	0	5.401075e-04	1.068211e-04	4.204820e-05	6.340165e-05	1.855480e-05	6.272150e-05	2.636805e-05	2.694850e-05	5.543205e-05
706	29	10	0	5.537951e-04	1.064691e-04	4.177785e-05	6.253165e-05	1.845950e-05	6.219840e-05	2.594915e-05	2.676625e-05	5.574475e-05
707	29	11	0	5.664051e-04	1.059544e-04	4.147060e-05	6.163260e-05	1.830650e-05	6.159620e-05	2.557010e-05	2.657645e-05	5.599000e-05
708	29	12	0	5.777261e-04	1.052983e-04	4.112680e-05	6.068115e-05	1.810310e-05	6.094630e-05	2.520570e-05	2.638385e-05	5.609165e-05
709	29	13	0	5.880876e-04	1.045443e-04	4.073190e-05	5.962165e-05	1.787725e-05	6.029060e-05	2.480030e-05	2.617915e-05	5.597970e-05
710	29	14	0	5.973072e-04	1.036919e-04	4.027775e-05	5.852000e-05	1.764460e-05	5.961225e-05	2.438245e-05	2.595160e-05	5.576080e-05
711	29	15	0	6.058834e-04	1.027402e-04	3.976170e-05	5.746515e-05	1.741860e-05	5.885915e-05	2.399460e-05	2.568455e-05	5.565445e-05
712	29	16	0	6.136234e-04	1.017302e-04	3.923205e-05	5.643280e-05	1.718435e-05	5.808285e-05	2.362045e-05	2.540140e-05	5.553915e-05
713	29	17	0	6.204979e-04	1.007137e-04	3.874660e-05	5.535085e-05	1.691790e-05	5.735180e-05	2.322325e-05	2.513500e-05	5.521485e-05
714	29	18	0	6.265004e-04	9.967615e-05	3.826130e-05	5.424900e-05	1.664210e-05	5.662790e-05	2.283115e-05	2.486915e-05	5.478515e-05
715	29	19	0	6.320671e-04	9.856375e-05	3.769105e-05	5.315500e-05	1.638890e-05	5.582470e-05	2.247845e-05	2.456650e-05	5.444640e-05
716	29	20	0	6.370317e-04	9.740730e-05	3.709540e-05	5.208370e-05	1.614585e-05	5.500160e-05	2.215625e-05	2.424120e-05	5.411975e-05
717	29	21	0	6.413870e-04	9.624195e-05	3.656640e-05	5.101695e-05	1.587820e-05	5.424360e-05	2.182690e-05	2.392165e-05	5.364770e-05
718	29	22	0	6.450661e-04	9.507965e-05	3.606935e-05	4.996680e-05	1.559055e-05	5.352745e-05	2.149380e-05	2.362775e-05	5.310055e-05
719	29	23	0	6.483909e-04	9.388920e-05	3.550180e-05	4.890590e-05	1.529150e-05	5.275360e-05	2.115685e-05	2.336160e-05	5.262965e-05
