xbins=30
Q2bins=24
Ebins=1
id	x	Q2	E	Central_Value	Replica_1	Replica_2	Replica_3	Replica_4	Replica_5	Replica_6	Replica_7	Replica_8
0	0	0	0	5.354483e-03	6.919745e-04	2.656885e-04	3.293775e-04	1.551860e-04	3.203335e-04	8.799900e-05	1.191310e-04	5.848650e-04
1	0	1	0	5.469482e-03	6.657260e-04	2.548330e-04	3.027795e-04	1.516570e-04	2.955155e-04	7.142350e-05	1.103385e-04	5.228205e-04
2	0	2	0	5.571832e-03	6.395045e-04	2.431135e-04	2.775015e-04	1.474205e-04	2.731715e-04	5.739450e-05	1.026580e-04	4.668645e-04
3	0	3	0	5.685104e-03	6.139140e-04	2.291720e-04	2.544240e-04	1.423500e-04	2.560245e-04	4.855150e-05	9.697950e-05	4.175495e-04
4	0	4	0	5.836892e-03	5.884780e-04	2.115635e-04	2.332435e-04	1.364480e-04	2.452815e-04	4.649300e-05	9.354850e-05	3.721960e-04
5	0	5	0	5.972775e-03	5.637050e-04	1.942135e-04	2.132580e-04	1.305205e-04	2.359705e-04	4.586950e-05	9.040250e-05	3.314545e-04
6	0	6	0	6.051724e-03	5.400830e-04	1.801945e-04	1.940410e-04	1.251865e-04	2.242740e-04	4.251650e-05	8.614200e-05	2.957560e-04
7	0	7	0	6.119518e-03	5.172350e-04	1.666010e-04	1.761100e-04	1.198965e-04	2.136795e-04	4.019000e-05	8.234550e-05	2.634530e-04
8	0	8	0	6.179301e-03	4.951845e-04	1.532860e-04	1.593700e-04	1.146790e-04	2.043235e-04	3.892350e-05	7.902400e-05	2.342640e-04
9	0	9	0	6.215309e-03	4.741125e-04	1.413610e-04	1.433970e-04	1.098195e-04	1.947415e-04	3.699250e-05	7.545250e-05	2.083410e-04
10	0	10	0	6.231817e-03	4.542500e-04	1.307395e-04	1.284875e-04	1.052970e-04	1.853630e-04	3.482800e-05	7.184600e-05	1.857850e-04
11	0	11	0	6.243620e-03	4.349890e-04	1.204550e-04	1.143925e-04	1.008205e-04	1.766510e-04	3.327400e-05	6.852100e-05	1.650025e-04
12	0	12	0	6.247968e-03	4.167295e-04	1.108220e-04	1.013735e-04	9.654500e-05	1.685370e-04	3.207900e-05	6.545500e-05	1.582240e-04
13	0	13	0	6.241050e-03	3.993790e-04	1.019980e-04	8.919050e-05	9.253850e-05	1.604715e-04	3.060900e-05	6.241450e-05	1.568520e-04
14	0	14	0	6.224235e-03	3.831980e-04	9.409650e-05	7.799950e-05	8.866250e-05	1.527805e-04	2.904500e-05	5.948150e-05	1.549990e-04
15	0	15	0	6.203649e-03	3.674480e-04	8.655750e-05	6.720400e-05	8.450950e-05	1.456145e-04	2.778150e-05	5.666650e-05	1.525640e-04
16	0	16	0	6.178544e-03	3.523310e-04	7.948100e-05	5.700650e-05	8.066050e-05	1.389490e-04	2.686000e-05	5.401550e-05	1.496770e-04
17	0	17	0	6.147573e-03	3.378905e-04	7.285850e-05	4.749650e-05	7.777950e-05	1.324885e-04	2.611850e-05	5.150250e-05	1.466405e-04
18	0	18	0	6.112136e-03	3.245225e-04	6.672400e-05	3.883200e-05	7.514350e-05	1.263090e-04	2.521250e-05	4.910000e-05	1.437225e-04
19	0	19	0	6.074798e-03	3.120630e-04	6.079750e-05	3.070550e-05	7.146650e-05	1.203125e-04	2.369500e-05	4.668650e-05	1.411185e-04
20	0	20	0	6.035216e-03	3.003540e-04	5.522350e-05	2.311900e-05	6.759600e-05	1.147435e-04	2.206800e-05	4.444050e-05	1.384060e-04
21	0	21	0	5.992116e-03	2.886325e-04	5.002750e-05	1.576750e-05	6.495200e-05	1.096925e-04	2.117250e-05	4.252650e-05	1.348970e-04
22	0	22	0	5.946799e-03	2.773485e-04	4.539500e-05	8.994500e-06	6.302950e-05	1.050275e-04	2.078550e-05	4.079150e-05	1.311215e-04
23	0	23	0	5.900553e-03	2.667280e-04	4.118600e-05	2.881000e-06	6.039800e-05	1.001335e-04	2.016350e-05	3.879000e-05	1.280425e-04
24	1	0	0	5.354483e-03	6.919745e-04	2.656885e-04	3.293775e-04	1.551860e-04	3.203335e-04	8.799900e-05	1.191310e-04	5.848650e-04
25	1	1	0	5.469482e-03	6.657260e-04	2.548330e-04	3.027795e-04	1.516570e-04	2.955155e-04	7.142350e-05	1.103385e-04	5.228205e-04
26	1	2	0	5.571832e-03	6.395045e-04	2.431135e-04	2.775015e-04	1.474205e-04	2.731715e-04	5.739450e-05	1.026580e-04	4.668645e-04
27	1	3	0	5.685104e-03	6.139140e-04	2.291720e-04	2.544240e-04	1.423500e-04	2.560245e-04	4.855150e-05	9.697950e-05	4.175495e-04
28	1	4	0	5.836892e-03	5.884780e-04	2.115635e-04	2.332435e-04	1.364480e-04	2.452815e-04	4.649300e-05	9.354850e-05	3.721960e-04
29	1	5	0	5.972775e-03	5.637050e-04	1.942135e-04	2.132580e-04	1.305205e-04	2.359705e-04	4.586950e-05	9.040250e-05	3.314545e-04
30	1	6	0	6.051724e-03	5.400830e-04	1.801945e-04	1.940410e-04	1.251865e-04	2.242740e-04	4.251650e-05	8.614200e-05	2.957560e-04
31	1	7	0	6.119518e-03	5.172350e-04	1.666010e-04	1.761100e-04	1.198965e-04	2.136795e-04	4.019000e-05	8.234550e-05	2.634530e-04
32	1	8	0	6.179301e-03	4.951845e-04	1.532860e-04	1.593700e-04	1.146790e-04	2.043235e-04	3.892350e-05	7.902400e-05	2.342640e-04
33	1	9	0	6.215309e-03	4.741125e-04	1.413610e-04	1.433970e-04	1.098195e-04	1.947415e-04	3.699250e-05	7.545250e-05	2.083410e-04
34	1	10	0	6.231817e-03	4.542500e-04	1.307395e-04	1.284875e-04	1.052970e-04	1.853630e-04	3.482800e-05	7.184600e-05	1.857850e-04
35	1	11	0	6.243620e-03	4.349890e-04	1.204550e-04	1.143925e-04	1.008205e-04	1.766510e-04	3.327400e-05	6.852100e-05	1.650025e-04
36	1	12	0	6.247968e-03	4.167295e-04	1.108220e-04	1.013735e-04	9.654500e-05	1.685370e-04	3.207900e-05	6.545500e-05	1.582240e-04
37	1	13	0	6.241050e-03	3.993790e-04	1.019980e-04	8.919050e-05	9.253850e-05	1.604715e-04	3.060900e-05	6.241450e-05	1.568520e-04
38	1	14	0	6.224235e-03	3.831980e-04	9.409650e-05	7.799950e-05	8.866250e-05	1.527805e-04	2.904500e-05	5.948150e-05	1.549990e-04
39	1	15	0	6.203649e-03	3.674480e-04	8.655750e-05	6.720400e-05	8.450950e-05	1.456145e-04	2.778150e-05	5.666650e-05	1.525640e-04
40	1	16	0	6.178544e-03	3.523310e-04	7.948100e-05	5.700650e-05	8.066050e-05	1.389490e-04	2.686000e-05	5.401550e-05	1.496770e-04
41	1	17	0	6.147573e-03	3.378905e-04	7.285850e-05	4.749650e-05	7.777950e-05	1.324885e-04	2.611850e-05	5.150250e-05	1.466405e-04
42	1	18	0	6.112136e-03	3.245225e-04	6.672400e-05	3.883200e-05	7.514350e-05	1.263090e-04	2.521250e-05	4.910000e-05	1.437225e-04
43	1	19	0	6.074798e-03	3.120630e-04	6.079750e-05	3.070550e-05	7.146650e-05	1.203125e-04	2.369500e-05	4.668650e-05	1.411185e-04
44	1	20	0	6.035216e-03	3.003540e-04	5.522350e-05	2.311900e-05	6.759600e-05	1.147435e-04	2.206800e-05	4.444050e-05	1.384060e-04
45	1	21	0	5.992116e-03	2.886325e-04	5.002750e-05	1.576750e-05	6.495200e-05	1.096925e-04	2.117250e-05	4.252650e-05	1.348970e-04
46	1	22	0	5.946799e-03	2.773485e-04	4.539500e-05	8.994500e-06	6.302950e-05	1.050275e-04	2.078550e-05	4.079150e-05	1.311215e-04
47	1	23	0	5.900553e-03	2.667280e-04	4.118600e-05	2.881000e-06	6.039800e-05	1.001335e-04	2.016350e-05	3.879000e-05	1.280425e-04
48	2	0	0	5.354483e-03	6.919745e-04	2.656885e-04	3.293775e-04	1.551860e-04	3.203335e-04	8.799900e-05	1.191310e-04	5.848650e-04
49	2	1	0	5.469482e-03	6.657260e-04	2.548330e-04	3.027795e-04	1.516570e-04	2.955155e-04	7.142350e-05	1.103385e-04	5.228205e-04
50	2	2	0	5.571832e-03	6.395045e-04	2.431135e-04	2.775015e-04	1.474205e-04	2.731715e-04	5.739450e-05	1.026580e-04	4.668645e-04
51	2	3	0	5.685104e-03	6.139140e-04	2.291720e-04	2.544240e-04	1.423500e-04	2.560245e-04	4.855150e-05	9.697950e-05	4.175495e-04
52	2	4	0	5.836892e-03	5.884780e-04	2.115635e-04	2.332435e-04	1.364480e-04	2.452815e-04	4.649300e-05	9.354850e-05	3.721960e-04
53	2	5	0	5.972775e-03	5.637050e-04	1.942135e-04	2.132580e-04	1.305205e-04	2.359705e-04	4.586950e-05	9.040250e-05	3.314545e-04
54	2	6	0	6.051724e-03	5.400830e-04	1.801945e-04	1.940410e-04	1.251865e-04	2.242740e-04	4.251650e-05	8.614200e-05	2.957560e-04
55	2	7	0	6.119518e-03	5.172350e-04	1.666010e-04	1.761100e-04	1.198965e-04	2.136795e-04	4.019000e-05	8.234550e-05	2.634530e-04
56	2	8	0	6.179301e-03	4.951845e-04	1.532860e-04	1.593700e-04	1.146790e-04	2.043235e-04	3.892350e-05	7.902400e-05	2.342640e-04
57	2	9	0	6.215309e-03	4.741125e-04	1.413610e-04	1.433970e-04	1.098195e-04	1.947415e-04	3.699250e-05	7.545250e-05	2.083410e-04
58	2	10	0	6.231817e-03	4.542500e-04	1.307395e-04	1.284875e-04	1.052970e-04	1.853630e-04	3.482800e-05	7.184600e-05	1.857850e-04
59	2	11	0	6.243620e-03	4.349890e-04	1.204550e-04	1.143925e-04	1.008205e-04	1.766510e-04	3.327400e-05	6.852100e-05	1.650025e-04
60	2	12	0	6.247968e-03	4.167295e-04	1.108220e-04	1.013735e-04	9.654500e-05	1.685370e-04	3.207900e-05	6.545500e-05	1.582240e-04
61	2	13	0	6.241050e-03	3.993790e-04	1.019980e-04	8.919050e-05	9.253850e-05	1.604715e-04	3.060900e-05	6.241450e-05	1.568520e-04
62	2	14	0	6.224235e-03	3.831980e-04	9.409650e-05	7.799950e-05	8.866250e-05	1.527805e-04	2.904500e-05	5.948150e-05	1.549990e-04
63	2	15	0	6.203649e-03	3.674480e-04	8.655750e-05	6.720400e-05	8.450950e-05	1.456145e-04	2.778150e-05	5.666650e-05	1.525640e-04
64	2	16	0	6.178544e-03	3.523310e-04	7.948100e-05	5.700650e-05	8.066050e-05	1.389490e-04	2.686000e-05	5.401550e-05	1.496770e-04
65	2	17	0	6.147573e-03	3.378905e-04	7.285850e-05	4.749650e-05	7.777950e-05	1.324885e-04	2.611850e-05	5.150250e-05	1.466405e-04
66	2	18	0	6.112136e-03	3.245225e-04	6.672400e-05	3.883200e-05	7.514350e-05	1.263090e-04	2.521250e-05	4.910000e-05	1.437225e-04
67	2	19	0	6.074798e-03	3.120630e-04	6.079750e-05	3.070550e-05	7.146650e-05	1.203125e-04	2.369500e-05	4.668650e-05	1.411185e-04
68	2	20	0	6.035216e-03	3.003540e-04	5.522350e-05	2.311900e-05	6.759600e-05	1.147435e-04	2.206800e-05	4.444050e-05	1.384060e-04
69	2	21	0	5.992116e-03	2.886325e-04	5.002750e-05	1.576750e-05	6.495200e-05	1.096925e-04	2.117250e-05	4.252650e-05	1.348970e-04
70	2	22	0	5.946799e-03	2.773485e-04	4.539500e-05	8.994500e-06	6.302950e-05	1.050275e-04	2.078550e-05	4.079150e-05	1.311215e-04
71	2	23	0	5.900553e-03	2.667280e-04	4.118600e-05	2.881000e-06	6.039800e-05	1.001335e-04	2.016350e-05	3.879000e-05	1.280425e-04
72	3	0	0	5.354483e-03	6.919745e-04	2.656885e-04	3.293775e-04	1.551860e-04	3.203335e-04	8.799900e-05	1.191310e-04	5.848650e-04
73	3	1	0	5.469482e-03	6.657260e-04	2.548330e-04	3.027795e-04	1.516570e-04	2.955155e-04	7.142350e-05	1.103385e-04	5.228205e-04
74	3	2	0	5.571832e-03	6.395045e-04	2.431135e-04	2.775015e-04	1.474205e-04	2.731715e-04	5.739450e-05	1.026580e-04	4.668645e-04
75	3	3	0	5.685104e-03	6.139140e-04	2.291720e-04	2.544240e-04	1.423500e-04	2.560245e-04	4.855150e-05	9.697950e-05	4.175495e-04
76	3	4	0	5.836892e-03	5.884780e-04	2.115635e-04	2.332435e-04	1.364480e-04	2.452815e-04	4.649300e-05	9.354850e-05	3.721960e-04
77	3	5	0	5.972775e-03	5.637050e-04	1.942135e-04	2.132580e-04	1.305205e-04	2.359705e-04	4.586950e-05	9.040250e-05	3.314545e-04
78	3	6	0	6.051724e-03	5.400830e-04	1.801945e-04	1.940410e-04	1.251865e-04	2.242740e-04	4.251650e-05	8.614200e-05	2.957560e-04
79	3	7	0	6.119518e-03	5.172350e-04	1.666010e-04	1.761100e-04	1.198965e-04	2.136795e-04	4.019000e-05	8.234550e-05	2.634530e-04
80	3	8	0	6.179301e-03	4.951845e-04	1.532860e-04	1.593700e-04	1.146790e-04	2.043235e-04	3.892350e-05	7.902400e-05	2.342640e-04
81	3	9	0	6.215309e-03	4.741125e-04	1.413610e-04	1.433970e-04	1.098195e-04	1.947415e-04	3.699250e-05	7.545250e-05	2.083410e-04
82	3	10	0	6.231817e-03	4.542500e-04	1.307395e-04	1.284875e-04	1.052970e-04	1.853630e-04	3.482800e-05	7.184600e-05	1.857850e-04
83	3	11	0	6.243620e-03	4.349890e-04	1.204550e-04	1.143925e-04	1.008205e-04	1.766510e-04	3.327400e-05	6.852100e-05	1.650025e-04
84	3	12	0	6.247968e-03	4.167295e-04	1.108220e-04	1.013735e-04	9.654500e-05	1.685370e-04	3.207900e-05	6.545500e-05	1.582240e-04
85	3	13	0	6.241050e-03	3.993790e-04	1.019980e-04	8.919050e-05	9.253850e-05	1.604715e-04	3.060900e-05	6.241450e-05	1.568520e-04
86	3	14	0	6.224235e-03	3.831980e-04	9.409650e-05	7.799950e-05	8.866250e-05	1.527805e-04	2.904500e-05	5.948150e-05	1.549990e-04
87	3	15	0	6.203649e-03	3.674480e-04	8.655750e-05	6.720400e-05	8.450950e-05	1.456145e-04	2.778150e-05	5.666650e-05	1.525640e-04
88	3	16	0	6.178544e-03	3.523310e-04	7.948100e-05	5.700650e-05	8.066050e-05	1.389490e-04	2.686000e-05	5.401550e-05	1.496770e-04
89	3	17	0	6.147573e-03	3.378905e-04	7.285850e-05	4.749650e-05	7.777950e-05	1.324885e-04	2.611850e-05	5.150250e-05	1.466405e-04
90	3	18	0	6.112136e-03	3.245225e-04	6.672400e-05	3.883200e-05	7.514350e-05	1.263090e-04	2.521250e-05	4.910000e-05	1.437225e-04
91	3	19	0	6.074798e-03	3.120630e-04	6.079750e-05	3.070550e-05	7.146650e-05	1.203125e-04	2.369500e-05	4.668650e-05	1.411185e-04
92	3	20	0	6.035216e-03	3.003540e-04	5.522350e-05	2.311900e-05	6.759600e-05	1.147435e-04	2.206800e-05	4.444050e-05	1.384060e-04
93	3	21	0	5.992116e-03	2.886325e-04	5.002750e-05	1.576750e-05	6.495200e-05	1.096925e-04	2.117250e-05	4.252650e-05	1.348970e-04
94	3	22	0	5.946799e-03	2.773485e-04	4.539500e-05	8.994500e-06	6.302950e-05	1.050275e-04	2.078550e-05	4.079150e-05	1.311215e-04
95	3	23	0	5.900553e-03	2.667280e-04	4.118600e-05	2.881000e-06	6.039800e-05	1.001335e-04	2.016350e-05	3.879000e-05	1.280425e-04
96	4	0	0	5.354483e-03	6.919745e-04	2.656885e-04	3.293775e-04	1.551860e-04	3.203335e-04	8.799900e-05	1.191310e-04	5.848650e-04
97	4	1	0	5.469482e-03	6.657260e-04	2.548330e-04	3.027795e-04	1.516570e-04	2.955155e-04	7.142350e-05	1.103385e-04	5.228205e-04
98	4	2	0	5.571832e-03	6.395045e-04	2.431135e-04	2.775015e-04	1.474205e-04	2.731715e-04	5.739450e-05	1.026580e-04	4.668645e-04
99	4	3	0	5.685104e-03	6.139140e-04	2.291720e-04	2.544240e-04	1.423500e-04	2.560245e-04	4.855150e-05	9.697950e-05	4.175495e-04
100	4	4	0	5.836892e-03	5.884780e-04	2.115635e-04	2.332435e-04	1.364480e-04	2.452815e-04	4.649300e-05	9.354850e-05	3.721960e-04
101	4	5	0	5.972775e-03	5.637050e-04	1.942135e-04	2.132580e-04	1.305205e-04	2.359705e-04	4.586950e-05	9.040250e-05	3.314545e-04
102	4	6	0	6.051724e-03	5.400830e-04	1.801945e-04	1.940410e-04	1.251865e-04	2.242740e-04	4.251650e-05	8.614200e-05	2.957560e-04
103	4	7	0	6.119518e-03	5.172350e-04	1.666010e-04	1.761100e-04	1.198965e-04	2.136795e-04	4.019000e-05	8.234550e-05	2.634530e-04
104	4	8	0	6.179301e-03	4.951845e-04	1.532860e-04	1.593700e-04	1.146790e-04	2.043235e-04	3.892350e-05	7.902400e-05	2.342640e-04
105	4	9	0	6.215309e-03	4.741125e-04	1.413610e-04	1.433970e-04	1.098195e-04	1.947415e-04	3.699250e-05	7.545250e-05	2.083410e-04
106	4	10	0	6.231817e-03	4.542500e-04	1.307395e-04	1.284875e-04	1.052970e-04	1.853630e-04	3.482800e-05	7.184600e-05	1.857850e-04
107	4	11	0	6.243620e-03	4.349890e-04	1.204550e-04	1.143925e-04	1.008205e-04	1.766510e-04	3.327400e-05	6.852100e-05	1.650025e-04
108	4	12	0	6.247968e-03	4.167295e-04	1.108220e-04	1.013735e-04	9.654500e-05	1.685370e-04	3.207900e-05	6.545500e-05	1.582240e-04
109	4	13	0	6.241050e-03	3.993790e-04	1.019980e-04	8.919050e-05	9.253850e-05	1.604715e-04	3.060900e-05	6.241450e-05	1.568520e-04
110	4	14	0	6.224235e-03	3.831980e-04	9.409650e-05	7.799950e-05	8.866250e-05	1.527805e-04	2.904500e-05	5.948150e-05	1.549990e-04
111	4	15	0	6.203649e-03	3.674480e-04	8.655750e-05	6.720400e-05	8.450950e-05	1.456145e-04	2.778150e-05	5.666650e-05	1.525640e-04
112	4	16	0	6.178544e-03	3.523310e-04	7.948100e-05	5.700650e-05	8.066050e-05	1.389490e-04	2.686000e-05	5.401550e-05	1.496770e-04
113	4	17	0	6.147573e-03	3.378905e-04	7.285850e-05	4.749650e-05	7.777950e-05	1.324885e-04	2.611850e-05	5.150250e-05	1.466405e-04
114	4	18	0	6.112136e-03	3.245225e-04	6.672400e-05	3.883200e-05	7.514350e-05	1.263090e-04	2.521250e-05	4.910000e-05	1.437225e-04
115	4	19	0	6.074798e-03	3.120630e-04	6.079750e-05	3.070550e-05	7.146650e-05	1.203125e-04	2.369500e-05	4.668650e-05	1.411185e-04
116	4	20	0	6.035216e-03	3.003540e-04	5.522350e-05	2.311900e-05	6.759600e-05	1.147435e-04	2.206800e-05	4.444050e-05	1.384060e-04
117	4	21	0	5.992116e-03	2.886325e-04	5.002750e-05	1.576750e-05	6.495200e-05	1.096925e-04	2.117250e-05	4.252650e-05	1.348970e-04
118	4	22	0	5.946799e-03	2.773485e-04	4.539500e-05	8.994500e-06	6.302950e-05	1.050275e-04	2.078550e-05	4.079150e-05	1.311215e-04
119	4	23	0	5.900553e-03	2.667280e-04	4.118600e-05	2.881000e-06	6.039800e-05	1.001335e-04	2.016350e-05	3.879000e-05	1.280425e-04
120	5	0	0	5.354483e-03	6.919745e-04	2.656885e-04	3.293775e-04	1.551860e-04	3.203335e-04	8.799900e-05	1.191310e-04	5.848650e-04
121	5	1	0	5.469482e-03	6.657260e-04	2.548330e-04	3.027795e-04	1.516570e-04	2.955155e-04	7.142350e-05	1.103385e-04	5.228205e-04
122	5	2	0	5.571832e-03	6.395045e-04	2.431135e-04	2.775015e-04	1.474205e-04	2.731715e-04	5.739450e-05	1.026580e-04	4.668645e-04
123	5	3	0	5.685104e-03	6.139140e-04	2.291720e-04	2.544240e-04	1.423500e-04	2.560245e-04	4.855150e-05	9.697950e-05	4.175495e-04
124	5	4	0	5.836892e-03	5.884780e-04	2.115635e-04	2.332435e-04	1.364480e-04	2.452815e-04	4.649300e-05	9.354850e-05	3.721960e-04
125	5	5	0	5.972775e-03	5.637050e-04	1.942135e-04	2.132580e-04	1.305205e-04	2.359705e-04	4.586950e-05	9.040250e-05	3.314545e-04
126	5	6	0	6.051724e-03	5.400830e-04	1.801945e-04	1.940410e-04	1.251865e-04	2.242740e-04	4.251650e-05	8.614200e-05	2.957560e-04
127	5	7	0	6.119518e-03	5.172350e-04	1.666010e-04	1.761100e-04	1.198965e-04	2.136795e-04	4.019000e-05	8.234550e-05	2.634530e-04
128	5	8	0	6.179301e-03	4.951845e-04	1.532860e-04	1.593700e-04	1.146790e-04	2.043235e-04	3.892350e-05	7.902400e-05	2.342640e-04
129	5	9	0	6.215309e-03	4.741125e-04	1.413610e-04	1.433970e-04	1.098195e-04	1.947415e-04	3.699250e-05	7.545250e-05	2.083410e-04
130	5	10	0	6.231817e-03	4.542500e-04	1.307395e-04	1.284875e-04	1.052970e-04	1.853630e-04	3.482800e-05	7.184600e-05	1.857850e-04
131	5	11	0	6.243620e-03	4.349890e-04	1.204550e-04	1.143925e-04	1.008205e-04	1.766510e-04	3.327400e-05	6.852100e-05	1.650025e-04
132	5	12	0	6.247968e-03	4.167295e-04	1.108220e-04	1.013735e-04	9.654500e-05	1.685370e-04	3.207900e-05	6.545500e-05	1.582240e-04
133	5	13	0	6.241050e-03	3.993790e-04	1.019980e-04	8.919050e-05	9.253850e-05	1.604715e-04	3.060900e-05	6.241450e-05	1.568520e-04
134	5	14	0	6.224235e-03	3.831980e-04	9.409650e-05	7.799950e-05	8.866250e-05	1.527805e-04	2.904500e-05	5.948150e-05	1.549990e-04
135	5	15	0	6.203649e-03	3.674480e-04	8.655750e-05	6.720400e-05	8.450950e-05	1.456145e-04	2.778150e-05	5.666650e-05	1.525640e-04
136	5	16	0	6.178544e-03	3.523310e-04	7.948100e-05	5.700650e-05	8.066050e-05	1.389490e-04	2.686000e-05	5.401550e-05	1.496770e-04
137	5	17	0	6.147573e-03	3.378905e-04	7.285850e-05	4.749650e-05	7.777950e-05	1.324885e-04	2.611850e-05	5.150250e-05	1.466405e-04
138	5	18	0	6.112136e-03	3.245225e-04	6.672400e-05	3.883200e-05	7.514350e-05	1.263090e-04	2.521250e-05	4.910000e-05	1.437225e-04
139	5	19	0	6.074798e-03	3.120630e-04	6.079750e-05	3.070550e-05	7.146650e-05	1.203125e-04	2.369500e-05	4.668650e-05	1.411185e-04
140	5	20	0	6.035216e-03	3.003540e-04	5.522350e-05	2.311900e-05	6.759600e-05	1.147435e-04	2.206800e-05	4.444050e-05	1.384060e-04
141	5	21	0	5.992116e-03	2.886325e-04	5.002750e-05	1.576750e-05	6.495200e-05	1.096925e-04	2.117250e-05	4.252650e-05	1.348970e-04
142	5	22	0	5.946799e-03	2.773485e-04	4.539500e-05	8.994500e-06	6.302950e-05	1.050275e-04	2.078550e-05	4.079150e-05	1.311215e-04
143	5	23	0	5.900553e-03	2.667280e-04	4.118600e-05	2.881000e-06	6.039800e-05	1.001335e-04	2.016350e-05	3.879000e-05	1.280425e-04
144	6	0	0	5.354483e-03	6.919745e-04	2.656885e-04	3.293775e-04	1.551860e-04	3.203335e-04	8.799900e-05	1.191310e-04	5.848650e-04
145	6	1	0	5.469482e-03	6.657260e-04	2.548330e-04	3.027795e-04	1.516570e-04	2.955155e-04	7.142350e-05	1.103385e-04	5.228205e-04
146	6	2	0	5.571832e-03	6.395045e-04	2.431135e-04	2.775015e-04	1.474205e-04	2.731715e-04	5.739450e-05	1.026580e-04	4.668645e-04
147	6	3	0	5.685104e-03	6.139140e-04	2.291720e-04	2.544240e-04	1.423500e-04	2.560245e-04	4.855150e-05	9.697950e-05	4.175495e-04
148	6	4	0	5.836892e-03	5.884780e-04	2.115635e-04	2.332435e-04	1.364480e-04	2.452815e-04	4.649300e-05	9.354850e-05	3.721960e-04
149	6	5	0	5.972775e-03	5.637050e-04	1.942135e-04	2.132580e-04	1.305205e-04	2.359705e-04	4.586950e-05	9.040250e-05	3.314545e-04
150	6	6	0	6.051724e-03	5.400830e-04	1.801945e-04	1.940410e-04	1.251865e-04	2.242740e-04	4.251650e-05	8.614200e-05	2.957560e-04
151	6	7	0	6.119518e-03	5.172350e-04	1.666010e-04	1.761100e-04	1.198965e-04	2.136795e-04	4.019000e-05	8.234550e-05	2.634530e-04
152	6	8	0	6.179301e-03	4.951845e-04	1.532860e-04	1.593700e-04	1.146790e-04	2.043235e-04	3.892350e-05	7.902400e-05	2.342640e-04
153	6	9	0	6.215309e-03	4.741125e-04	1.413610e-04	1.433970e-04	1.098195e-04	1.947415e-04	3.699250e-05	7.545250e-05	2.083410e-04
154	6	10	0	6.231817e-03	4.542500e-04	1.307395e-04	1.284875e-04	1.052970e-04	1.853630e-04	3.482800e-05	7.184600e-05	1.857850e-04
155	6	11	0	6.243620e-03	4.349890e-04	1.204550e-04	1.143925e-04	1.008205e-04	1.766510e-04	3.327400e-05	6.852100e-05	1.650025e-04
156	6	12	0	6.247968e-03	4.167295e-04	1.108220e-04	1.013735e-04	9.654500e-05	1.685370e-04	3.207900e-05	6.545500e-05	1.582240e-04
157	6	13	0	6.241050e-03	3.993790e-04	1.019980e-04	8.919050e-05	9.253850e-05	1.604715e-04	3.060900e-05	6.241450e-05	1.568520e-04
158	6	14	0	6.224235e-03	3.831980e-04	9.409650e-05	7.799950e-05	8.866250e-05	1.527805e-04	2.904500e-05	5.948150e-05	1.549990e-04
159	6	15	0	6.203649e-03	3.674480e-04	8.655750e-05	6.720400e-05	8.450950e-05	1.456145e-04	2.778150e-05	5.666650e-05	1.525640e-04
160	6	16	0	6.178544e-03	3.523310e-04	7.948100e-05	5.700650e-05	8.066050e-05	1.389490e-04	2.686000e-05	5.401550e-05	1.496770e-04
161	6	17	0	6.147573e-03	3.378905e-04	7.285850e-05	4.749650e-05	7.777950e-05	1.324885e-04	2.611850e-05	5.150250e-05	1.466405e-04
162	6	18	0	6.112136e-03	3.245225e-04	6.672400e-05	3.883200e-05	7.514350e-05	1.263090e-04	2.521250e-05	4.910000e-05	1.437225e-04
163	6	19	0	6.074798e-03	3.120630e-04	6.079750e-05	3.070550e-05	7.146650e-05	1.203125e-04	2.369500e-05	4.668650e-05	1.411185e-04
164	6	20	0	6.035216e-03	3.003540e-04	5.522350e-05	2.311900e-05	6.759600e-05	1.147435e-04	2.206800e-05	4.444050e-05	1.384060e-04
165	6	21	0	5.992116e-03	2.886325e-04	5.002750e-05	1.576750e-05	6.495200e-05	1.096925e-04	2.117250e-05	4.252650e-05	1.348970e-04
166	6	22	0	5.946799e-03	2.773485e-04	4.539500e-05	8.994500e-06	6.302950e-05	1.050275e-04	2.078550e-05	4.079150e-05	1.311215e-04
167	6	23	0	5.900553e-03	2.667280e-04	4.118600e-05	2.881000e-06	6.039800e-05	1.001335e-04	2.016350e-05	3.879000e-05	1.280425e-04
168	7	0	0	5.354483e-03	6.919745e-04	2.656885e-04	3.293775e-04	1.551860e-04	3.203335e-04	8.799900e-05	1.191310e-04	5.848650e-04
169	7	1	0	5.469482e-03	6.657260e-04	2.548330e-04	3.027795e-04	1.516570e-04	2.955155e-04	7.142350e-05	1.103385e-04	5.228205e-04
170	7	2	0	5.571832e-03	6.395045e-04	2.431135e-04	2.775015e-04	1.474205e-04	2.731715e-04	5.739450e-05	1.026580e-04	4.668645e-04
171	7	3	0	5.685104e-03	6.139140e-04	2.291720e-04	2.544240e-04	1.423500e-04	2.560245e-04	4.855150e-05	9.697950e-05	4.175495e-04
172	7	4	0	5.836892e-03	5.884780e-04	2.115635e-04	2.332435e-04	1.364480e-04	2.452815e-04	4.649300e-05	9.354850e-05	3.721960e-04
173	7	5	0	5.972775e-03	5.637050e-04	1.942135e-04	2.132580e-04	1.305205e-04	2.359705e-04	4.586950e-05	9.040250e-05	3.314545e-04
174	7	6	0	6.051724e-03	5.400830e-04	1.801945e-04	1.940410e-04	1.251865e-04	2.242740e-04	4.251650e-05	8.614200e-05	2.957560e-04
175	7	7	0	6.119518e-03	5.172350e-04	1.666010e-04	1.761100e-04	1.198965e-04	2.136795e-04	4.019000e-05	8.234550e-05	2.634530e-04
176	7	8	0	6.179301e-03	4.951845e-04	1.532860e-04	1.593700e-04	1.146790e-04	2.043235e-04	3.892350e-05	7.902400e-05	2.342640e-04
177	7	9	0	6.215309e-03	4.741125e-04	1.413610e-04	1.433970e-04	1.098195e-04	1.947415e-04	3.699250e-05	7.545250e-05	2.083410e-04
178	7	10	0	6.231817e-03	4.542500e-04	1.307395e-04	1.284875e-04	1.052970e-04	1.853630e-04	3.482800e-05	7.184600e-05	1.857850e-04
179	7	11	0	6.243620e-03	4.349890e-04	1.204550e-04	1.143925e-04	1.008205e-04	1.766510e-04	3.327400e-05	6.852100e-05	1.650025e-04
180	7	12	0	6.247968e-03	4.167295e-04	1.108220e-04	1.013735e-04	9.654500e-05	1.685370e-04	3.207900e-05	6.545500e-05	1.582240e-04
181	7	13	0	6.241050e-03	3.993790e-04	1.019980e-04	8.919050e-05	9.253850e-05	1.604715e-04	3.060900e-05	6.241450e-05	1.568520e-04
182	7	14	0	6.224235e-03	3.831980e-04	9.409650e-05	7.799950e-05	8.866250e-05	1.527805e-04	2.904500e-05	5.948150e-05	1.549990e-04
183	7	15	0	6.203649e-03	3.674480e-04	8.655750e-05	6.720400e-05	8.450950e-05	1.456145e-04	2.778150e-05	5.666650e-05	1.525640e-04
184	7	16	0	6.178544e-03	3.523310e-04	7.948100e-05	5.700650e-05	8.066050e-05	1.389490e-04	2.686000e-05	5.401550e-05	1.496770e-04
185	7	17	0	6.147573e-03	3.378905e-04	7.285850e-05	4.749650e-05	7.777950e-05	1.324885e-04	2.611850e-05	5.150250e-05	1.466405e-04
186	7	18	0	6.112136e-03	3.245225e-04	6.672400e-05	3.883200e-05	7.514350e-05	1.263090e-04	2.521250e-05	4.910000e-05	1.437225e-04
187	7	19	0	6.074798e-03	3.120630e-04	6.079750e-05	3.070550e-05	7.146650e-05	1.203125e-04	2.369500e-05	4.668650e-05	1.411185e-04
188	7	20	0	6.035216e-03	3.003540e-04	5.522350e-05	2.311900e-05	6.759600e-05	1.147435e-04	2.206800e-05	4.444050e-05	1.384060e-04
189	7	21	0	5.992116e-03	2.886325e-04	5.002750e-05	1.576750e-05	6.495200e-05	1.096925e-04	2.117250e-05	4.252650e-05	1.348970e-04
190	7	22	0	5.946799e-03	2.773485e-04	4.539500e-05	8.994500e-06	6.302950e-05	1.050275e-04	2.078550e-05	4.079150e-05	1.311215e-04
191	7	23	0	5.900553e-03	2.667280e-04	4.118600e-05	2.881000e-06	6.039800e-05	1.001335e-04	2.016350e-05	3.879000e-05	1.280425e-04
192	8	0	0	5.354483e-03	6.919745e-04	2.656885e-04	3.293775e-04	1.551860e-04	3.203335e-04	8.799900e-05	1.191310e-04	5.848650e-04
193	8	1	0	5.469482e-03	6.657260e-04	2.548330e-04	3.027795e-04	1.516570e-04	2.955155e-04	7.142350e-05	1.103385e-04	5.228205e-04
194	8	2	0	5.571832e-03	6.395045e-04	2.431135e-04	2.775015e-04	1.474205e-04	2.731715e-04	5.739450e-05	1.026580e-04	4.668645e-04
195	8	3	0	5.685104e-03	6.139140e-04	2.291720e-04	2.544240e-04	1.423500e-04	2.560245e-04	4.855150e-05	9.697950e-05	4.175495e-04
196	8	4	0	5.836892e-03	5.884780e-04	2.115635e-04	2.332435e-04	1.364480e-04	2.452815e-04	4.649300e-05	9.354850e-05	3.721960e-04
197	8	5	0	5.972775e-03	5.637050e-04	1.942135e-04	2.132580e-04	1.305205e-04	2.359705e-04	4.586950e-05	9.040250e-05	3.314545e-04
198	8	6	0	6.051724e-03	5.400830e-04	1.801945e-04	1.940410e-04	1.251865e-04	2.242740e-04	4.251650e-05	8.614200e-05	2.957560e-04
199	8	7	0	6.119518e-03	5.172350e-04	1.666010e-04	1.761100e-04	1.198965e-04	2.136795e-04	4.019000e-05	8.234550e-05	2.634530e-04
200	8	8	0	6.179301e-03	4.951845e-04	1.532860e-04	1.593700e-04	1.146790e-04	2.043235e-04	3.892350e-05	7.902400e-05	2.342640e-04
201	8	9	0	6.215309e-03	4.741125e-04	1.413610e-04	1.433970e-04	1.098195e-04	1.947415e-04	3.699250e-05	7.545250e-05	2.083410e-04
202	8	10	0	6.231817e-03	4.542500e-04	1.307395e-04	1.284875e-04	1.052970e-04	1.853630e-04	3.482800e-05	7.184600e-05	1.857850e-04
203	8	11	0	6.243620e-03	4.349890e-04	1.204550e-04	1.143925e-04	1.008205e-04	1.766510e-04	3.327400e-05	6.852100e-05	1.650025e-04
204	8	12	0	6.247968e-03	4.167295e-04	1.108220e-04	1.013735e-04	9.654500e-05	1.685370e-04	3.207900e-05	6.545500e-05	1.582240e-04
205	8	13	0	6.241050e-03	3.993790e-04	1.019980e-04	8.919050e-05	9.253850e-05	1.604715e-04	3.060900e-05	6.241450e-05	1.568520e-04
206	8	14	0	6.224235e-03	3.831980e-04	9.409650e-05	7.799950e-05	8.866250e-05	1.527805e-04	2.904500e-05	5.948150e-05	1.549990e-04
207	8	15	0	6.203649e-03	3.674480e-04	8.655750e-05	6.720400e-05	8.450950e-05	1.456145e-04	2.778150e-05	5.666650e-05	1.525640e-04
208	8	16	0	6.178544e-03	3.523310e-04	7.948100e-05	5.700650e-05	8.066050e-05	1.389490e-04	2.686000e-05	5.401550e-05	1.496770e-04
209	8	17	0	6.147573e-03	3.378905e-04	7.285850e-05	4.749650e-05	7.777950e-05	1.324885e-04	2.611850e-05	5.150250e-05	1.466405e-04
210	8	18	0	6.112136e-03	3.245225e-04	6.672400e-05	3.883200e-05	7.514350e-05	1.263090e-04	2.521250e-05	4.910000e-05	1.437225e-04
211	8	19	0	6.074798e-03	3.120630e-04	6.079750e-05	3.070550e-05	7.146650e-05	1.203125e-04	2.369500e-05	4.668650e-05	1.411185e-04
212	8	20	0	6.035216e-03	3.003540e-04	5.522350e-05	2.311900e-05	6.759600e-05	1.147435e-04	2.206800e-05	4.444050e-05	1.384060e-04
213	8	21	0	5.992116e-03	2.886325e-04	5.002750e-05	1.576750e-05	6.495200e-05	1.096925e-04	2.117250e-05	4.252650e-05	1.348970e-04
214	8	22	0	5.946799e-03	2.773485e-04	4.539500e-05	8.994500e-06	6.302950e-05	1.050275e-04	2.078550e-05	4.079150e-05	1.311215e-04
215	8	23	0	5.900553e-03	2.667280e-04	4.118600e-05	2.881000e-06	6.039800e-05	1.001335e-04	2.016350e-05	3.879000e-05	1.280425e-04
216	9	0	0	5.354483e-03	6.919745e-04	2.656885e-04	3.293775e-04	1.551860e-04	3.203335e-04	8.799900e-05	1.191310e-04	5.848650e-04
217	9	1	0	5.469482e-03	6.657260e-04	2.548330e-04	3.027795e-04	1.516570e-04	2.955155e-04	7.142350e-05	1.103385e-04	5.228205e-04
218	9	2	0	5.571832e-03	6.395045e-04	2.431135e-04	2.775015e-04	1.474205e-04	2.731715e-04	5.739450e-05	1.026580e-04	4.668645e-04
219	9	3	0	5.685104e-03	6.139140e-04	2.291720e-04	2.544240e-04	1.423500e-04	2.560245e-04	4.855150e-05	9.697950e-05	4.175495e-04
220	9	4	0	5.836892e-03	5.884780e-04	2.115635e-04	2.332435e-04	1.364480e-04	2.452815e-04	4.649300e-05	9.354850e-05	3.721960e-04
221	9	5	0	5.972775e-03	5.637050e-04	1.942135e-04	2.132580e-04	1.305205e-04	2.359705e-04	4.586950e-05	9.040250e-05	3.314545e-04
222	9	6	0	6.051724e-03	5.400830e-04	1.801945e-04	1.940410e-04	1.251865e-04	2.242740e-04	4.251650e-05	8.614200e-05	2.957560e-04
223	9	7	0	6.119518e-03	5.172350e-04	1.666010e-04	1.761100e-04	1.198965e-04	2.136795e-04	4.019000e-05	8.234550e-05	2.634530e-04
224	9	8	0	6.179301e-03	4.951845e-04	1.532860e-04	1.593700e-04	1.146790e-04	2.043235e-04	3.892350e-05	7.902400e-05	2.342640e-04
225	9	9	0	6.215309e-03	4.741125e-04	1.413610e-04	1.433970e-04	1.098195e-04	1.947415e-04	3.699250e-05	7.545250e-05	2.083410e-04
226	9	10	0	6.231817e-03	4.542500e-04	1.307395e-04	1.284875e-04	1.052970e-04	1.853630e-04	3.482800e-05	7.184600e-05	1.857850e-04
227	9	11	0	6.243620e-03	4.349890e-04	1.204550e-04	1.143925e-04	1.008205e-04	1.766510e-04	3.327400e-05	6.852100e-05	1.650025e-04
228	9	12	0	6.247968e-03	4.167295e-04	1.108220e-04	1.013735e-04	9.654500e-05	1.685370e-04	3.207900e-05	6.545500e-05	1.582240e-04
229	9	13	0	6.241050e-03	3.993790e-04	1.019980e-04	8.919050e-05	9.253850e-05	1.604715e-04	3.060900e-05	6.241450e-05	1.568520e-04
230	9	14	0	6.224235e-03	3.831980e-04	9.409650e-05	7.799950e-05	8.866250e-05	1.527805e-04	2.904500e-05	5.948150e-05	1.549990e-04
231	9	15	0	6.203649e-03	3.674480e-04	8.655750e-05	6.720400e-05	8.450950e-05	1.456145e-04	2.778150e-05	5.666650e-05	1.525640e-04
232	9	16	0	6.178544e-03	3.523310e-04	7.948100e-05	5.700650e-05	8.066050e-05	1.389490e-04	2.686000e-05	5.401550e-05	1.496770e-04
233	9	17	0	6.147573e-03	3.378905e-04	7.285850e-05	4.749650e-05	7.777950e-05	1.324885e-04	2.611850e-05	5.150250e-05	1.466405e-04
234	9	18	0	6.112136e-03	3.245225e-04	6.672400e-05	3.883200e-05	7.514350e-05	1.263090e-04	2.521250e-05	4.910000e-05	1.437225e-04
235	9	19	0	6.074798e-03	3.120630e-04	6.079750e-05	3.070550e-05	7.146650e-05	1.203125e-04	2.369500e-05	4.668650e-05	1.411185e-04
236	9	20	0	6.035216e-03	3.003540e-04	5.522350e-05	2.311900e-05	6.759600e-05	1.147435e-04	2.206800e-05	4.444050e-05	1.384060e-04
237	9	21	0	5.992116e-03	2.886325e-04	5.002750e-05	1.576750e-05	6.495200e-05	1.096925e-04	2.117250e-05	4.252650e-05	1.348970e-04
238	9	22	0	5.946799e-03	2.773485e-04	4.539500e-05	8.994500e-06	6.302950e-05	1.050275e-04	2.078550e-05	4.079150e-05	1.311215e-04
239	9	23	0	5.900553e-03	2.667280e-04	4.118600e-05	2.881000e-06	6.039800e-05	1.001335e-04	2.016350e-05	3.879000e-05	1.280425e-04
240	10	0	0	5.354483e-03	6.919745e-04	2.656885e-04	3.293775e-04	1.551860e-04	3.203335e-04	8.799900e-05	1.191310e-04	5.848650e-04
241	10	1	0	5.469482e-03	6.657260e-04	2.548330e-04	3.027795e-04	1.516570e-04	2.955155e-04	7.142350e-05	1.103385e-04	5.228205e-04
242	10	2	0	5.571832e-03	6.395045e-04	2.431135e-04	2.775015e-04	1.474205e-04	2.731715e-04	5.739450e-05	1.026580e-04	4.668645e-04
243	10	3	0	5.685104e-03	6.139140e-04	2.291720e-04	2.544240e-04	1.423500e-04	2.560245e-04	4.855150e-05	9.697950e-05	4.175495e-04
244	10	4	0	5.836892e-03	5.884780e-04	2.115635e-04	2.332435e-04	1.364480e-04	2.452815e-04	4.649300e-05	9.354850e-05	3.721960e-04
245	10	5	0	5.972775e-03	5.637050e-04	1.942135e-04	2.132580e-04	1.305205e-04	2.359705e-04	4.586950e-05	9.040250e-05	3.314545e-04
246	10	6	0	6.051724e-03	5.400830e-04	1.801945e-04	1.940410e-04	1.251865e-04	2.242740e-04	4.251650e-05	8.614200e-05	2.957560e-04
247	10	7	0	6.119518e-03	5.172350e-04	1.666010e-04	1.761100e-04	1.198965e-04	2.136795e-04	4.019000e-05	8.234550e-05	2.634530e-04
248	10	8	0	6.179301e-03	4.951845e-04	1.532860e-04	1.593700e-04	1.146790e-04	2.043235e-04	3.892350e-05	7.902400e-05	2.342640e-04
249	10	9	0	6.215309e-03	4.741125e-04	1.413610e-04	1.433970e-04	1.098195e-04	1.947415e-04	3.699250e-05	7.545250e-05	2.083410e-04
250	10	10	0	6.231817e-03	4.542500e-04	1.307395e-04	1.284875e-04	1.052970e-04	1.853630e-04	3.482800e-05	7.184600e-05	1.857850e-04
251	10	11	0	6.243620e-03	4.349890e-04	1.204550e-04	1.143925e-04	1.008205e-04	1.766510e-04	3.327400e-05	6.852100e-05	1.650025e-04
252	10	12	0	6.247968e-03	4.167295e-04	1.108220e-04	1.013735e-04	9.654500e-05	1.685370e-04	3.207900e-05	6.545500e-05	1.582240e-04
253	10	13	0	6.241050e-03	3.993790e-04	1.019980e-04	8.919050e-05	9.253850e-05	1.604715e-04	3.060900e-05	6.241450e-05	1.568520e-04
254	10	14	0	6.224235e-03	3.831980e-04	9.409650e-05	7.799950e-05	8.866250e-05	1.527805e-04	2.904500e-05	5.948150e-05	1.549990e-04
255	10	15	0	6.203649e-03	3.674480e-04	8.655750e-05	6.720400e-05	8.450950e-05	1.456145e-04	2.778150e-05	5.666650e-05	1.525640e-04
256	10	16	0	6.178544e-03	3.523310e-04	7.948100e-05	5.700650e-05	8.066050e-05	1.389490e-04	2.686000e-05	5.401550e-05	1.496770e-04
257	10	17	0	6.147573e-03	3.378905e-04	7.285850e-05	4.749650e-05	7.777950e-05	1.324885e-04	2.611850e-05	5.150250e-05	1.466405e-04
258	10	18	0	6.112136e-03	3.245225e-04	6.672400e-05	3.883200e-05	7.514350e-05	1.263090e-04	2.521250e-05	4.910000e-05	1.437225e-04
259	10	19	0	6.074798e-03	3.120630e-04	6.079750e-05	3.070550e-05	7.146650e-05	1.203125e-04	2.369500e-05	4.668650e-05	1.411185e-04
260	10	20	0	6.035216e-03	3.003540e-04	5.522350e-05	2.311900e-05	6.759600e-05	1.147435e-04	2.206800e-05	4.444050e-05	1.384060e-04
261	10	21	0	5.992116e-03	2.886325e-04	5.002750e-05	1.576750e-05	6.495200e-05	1.096925e-04	2.117250e-05	4.252650e-05	1.348970e-04
262	10	22	0	5.946799e-03	2.773485e-04	4.539500e-05	8.994500e-06	6.302950e-05	1.050275e-04	2.078550e-05	4.079150e-05	1.311215e-04
263	10	23	0	5.900553e-03	2.667280e-04	4.118600e-05	2.881000e-06	6.039800e-05	1.001335e-04	2.016350e-05	3.879000e-05	1.280425e-04
264	11	0	0	5.354483e-03	6.919745e-04	2.656885e-04	3.293775e-04	1.551860e-04	3.203335e-04	8.799900e-05	1.191310e-04	5.848650e-04
265	11	1	0	5.469482e-03	6.657260e-04	2.548330e-04	3.027795e-04	1.516570e-04	2.955155e-04	7.142350e-05	1.103385e-04	5.228205e-04
266	11	2	0	5.571832e-03	6.395045e-04	2.431135e-04	2.775015e-04	1.474205e-04	2.731715e-04	5.739450e-05	1.026580e-04	4.668645e-04
267	11	3	0	5.685104e-03	6.139140e-04	2.291720e-04	2.544240e-04	1.423500e-04	2.560245e-04	4.855150e-05	9.697950e-05	4.175495e-04
268	11	4	0	5.836892e-03	5.884780e-04	2.115635e-04	2.332435e-04	1.364480e-04	2.452815e-04	4.649300e-05	9.354850e-05	3.721960e-04
269	11	5	0	5.972775e-03	5.637050e-04	1.942135e-04	2.132580e-04	1.305205e-04	2.359705e-04	4.586950e-05	9.040250e-05	3.314545e-04
270	11	6	0	6.051724e-03	5.400830e-04	1.801945e-04	1.940410e-04	1.251865e-04	2.242740e-04	4.251650e-05	8.614200e-05	2.957560e-04
271	11	7	0	6.119518e-03	5.172350e-04	1.666010e-04	1.761100e-04	1.198965e-04	2.136795e-04	4.019000e-05	8.234550e-05	2.634530e-04
272	11	8	0	6.179301e-03	4.951845e-04	1.532860e-04	1.593700e-04	1.146790e-04	2.043235e-04	3.892350e-05	7.902400e-05	2.342640e-04
273	11	9	0	6.215309e-03	4.741125e-04	1.413610e-04	1.433970e-04	1.098195e-04	1.947415e-04	3.699250e-05	7.545250e-05	2.083410e-04
274	11	10	0	6.231817e-03	4.542500e-04	1.307395e-04	1.284875e-04	1.052970e-04	1.853630e-04	3.482800e-05	7.184600e-05	1.857850e-04
275	11	11	0	6.243620e-03	4.349890e-04	1.204550e-04	1.143925e-04	1.008205e-04	1.766510e-04	3.327400e-05	6.852100e-05	1.650025e-04
276	11	12	0	6.247968e-03	4.167295e-04	1.108220e-04	1.013735e-04	9.654500e-05	1.685370e-04	3.207900e-05	6.545500e-05	1.582240e-04
277	11	13	0	6.241050e-03	3.993790e-04	1.019980e-04	8.919050e-05	9.253850e-05	1.604715e-04	3.060900e-05	6.241450e-05	1.568520e-04
278	11	14	0	6.224235e-03	3.831980e-04	9.409650e-05	7.799950e-05	8.866250e-05	1.527805e-04	2.904500e-05	5.948150e-05	1.549990e-04
279	11	15	0	6.203649e-03	3.674480e-04	8.655750e-05	6.720400e-05	8.450950e-05	1.456145e-04	2.778150e-05	5.666650e-05	1.525640e-04
280	11	16	0	6.178544e-03	3.523310e-04	7.948100e-05	5.700650e-05	8.066050e-05	1.389490e-04	2.686000e-05	5.401550e-05	1.496770e-04
281	11	17	0	6.147573e-03	3.378905e-04	7.285850e-05	4.749650e-05	7.777950e-05	1.324885e-04	2.611850e-05	5.150250e-05	1.466405e-04
282	11	18	0	6.112136e-03	3.245225e-04	6.672400e-05	3.883200e-05	7.514350e-05	1.263090e-04	2.521250e-05	4.910000e-05	1.437225e-04
283	11	19	0	6.074798e-03	3.120630e-04	6.079750e-05	3.070550e-05	7.146650e-05	1.203125e-04	2.369500e-05	4.668650e-05	1.411185e-04
284	11	20	0	6.035216e-03	3.003540e-04	5.522350e-05	2.311900e-05	6.759600e-05	1.147435e-04	2.206800e-05	4.444050e-05	1.384060e-04
285	11	21	0	5.992116e-03	2.886325e-04	5.002750e-05	1.576750e-05	6.495200e-05	1.096925e-04	2.117250e-05	4.252650e-05	1.348970e-04
286	11	22	0	5.946799e-03	2.773485e-04	4.539500e-05	8.994500e-06	6.302950e-05	1.050275e-04	2.078550e-05	4.079150e-05	1.311215e-04
287	11	23	0	5.900553e-03	2.667280e-04	4.118600e-05	2.881000e-06	6.039800e-05	1.001335e-04	2.016350e-05	3.879000e-05	1.280425e-04
288	12	0	0	5.354483e-03	6.919745e-04	2.656885e-04	3.293775e-04	1.551860e-04	3.203335e-04	8.799900e-05	1.191310e-04	5.848650e-04
289	12	1	0	5.469482e-03	6.657260e-04	2.548330e-04	3.027795e-04	1.516570e-04	2.955155e-04	7.142350e-05	1.103385e-04	5.228205e-04
290	12	2	0	5.571832e-03	6.395045e-04	2.431135e-04	2.775015e-04	1.474205e-04	2.731715e-04	5.739450e-05	1.026580e-04	4.668645e-04
291	12	3	0	5.685104e-03	6.139140e-04	2.291720e-04	2.544240e-04	1.423500e-04	2.560245e-04	4.855150e-05	9.697950e-05	4.175495e-04
292	12	4	0	5.836892e-03	5.884780e-04	2.115635e-04	2.332435e-04	1.364480e-04	2.452815e-04	4.649300e-05	9.354850e-05	3.721960e-04
293	12	5	0	5.972775e-03	5.637050e-04	1.942135e-04	2.132580e-04	1.305205e-04	2.359705e-04	4.586950e-05	9.040250e-05	3.314545e-04
294	12	6	0	6.051724e-03	5.400830e-04	1.801945e-04	1.940410e-04	1.251865e-04	2.242740e-04	4.251650e-05	8.614200e-05	2.957560e-04
295	12	7	0	6.119518e-03	5.172350e-04	1.666010e-04	1.761100e-04	1.198965e-04	2.136795e-04	4.019000e-05	8.234550e-05	2.634530e-04
296	12	8	0	6.179301e-03	4.951845e-04	1.532860e-04	1.593700e-04	1.146790e-04	2.043235e-04	3.892350e-05	7.902400e-05	2.342640e-04
297	12	9	0	6.215309e-03	4.741125e-04	1.413610e-04	1.433970e-04	1.098195e-04	1.947415e-04	3.699250e-05	7.545250e-05	2.083410e-04
298	12	10	0	6.231817e-03	4.542500e-04	1.307395e-04	1.284875e-04	1.052970e-04	1.853630e-04	3.482800e-05	7.184600e-05	1.857850e-04
299	12	11	0	6.243620e-03	4.349890e-04	1.204550e-04	1.143925e-04	1.008205e-04	1.766510e-04	3.327400e-05	6.852100e-05	1.650025e-04
300	12	12	0	6.247968e-03	4.167295e-04	1.108220e-04	1.013735e-04	9.654500e-05	1.685370e-04	3.207900e-05	6.545500e-05	1.582240e-04
301	12	13	0	6.241050e-03	3.993790e-04	1.019980e-04	8.919050e-05	9.253850e-05	1.604715e-04	3.060900e-05	6.241450e-05	1.568520e-04
302	12	14	0	6.224235e-03	3.831980e-04	9.409650e-05	7.799950e-05	8.866250e-05	1.527805e-04	2.904500e-05	5.948150e-05	1.549990e-04
303	12	15	0	6.203649e-03	3.674480e-04	8.655750e-05	6.720400e-05	8.450950e-05	1.456145e-04	2.778150e-05	5.666650e-05	1.525640e-04
304	12	16	0	6.178544e-03	3.523310e-04	7.948100e-05	5.700650e-05	8.066050e-05	1.389490e-04	2.686000e-05	5.401550e-05	1.496770e-04
305	12	17	0	6.147573e-03	3.378905e-04	7.285850e-05	4.749650e-05	7.777950e-05	1.324885e-04	2.611850e-05	5.150250e-05	1.466405e-04
306	12	18	0	6.112136e-03	3.245225e-04	6.672400e-05	3.883200e-05	7.514350e-05	1.263090e-04	2.521250e-05	4.910000e-05	1.437225e-04
307	12	19	0	6.074798e-03	3.120630e-04	6.079750e-05	3.070550e-05	7.146650e-05	1.203125e-04	2.369500e-05	4.668650e-05	1.411185e-04
308	12	20	0	6.035216e-03	3.003540e-04	5.522350e-05	2.311900e-05	6.759600e-05	1.147435e-04	2.206800e-05	4.444050e-05	1.384060e-04
309	12	21	0	5.992116e-03	2.886325e-04	5.002750e-05	1.576750e-05	6.495200e-05	1.096925e-04	2.117250e-05	4.252650e-05	1.348970e-04
310	12	22	0	5.946799e-03	2.773485e-04	4.539500e-05	8.994500e-06	6.302950e-05	1.050275e-04	2.078550e-05	4.079150e-05	1.311215e-04
311	12	23	0	5.900553e-03	2.667280e-04	4.118600e-05	2.881000e-06	6.039800e-05	1.001335e-04	2.016350e-05	3.879000e-05	1.280425e-04
312	13	0	0	5.354483e-03	6.919745e-04	2.656885e-04	3.293775e-04	1.551860e-04	3.203335e-04	8.799900e-05	1.191310e-04	5.848650e-04
313	13	1	0	5.469482e-03	6.657260e-04	2.548330e-04	3.027795e-04	1.516570e-04	2.955155e-04	7.142350e-05	1.103385e-04	5.228205e-04
314	13	2	0	5.571832e-03	6.395045e-04	2.431135e-04	2.775015e-04	1.474205e-04	2.731715e-04	5.739450e-05	1.026580e-04	4.668645e-04
315	13	3	0	5.685104e-03	6.139140e-04	2.291720e-04	2.544240e-04	1.423500e-04	2.560245e-04	4.855150e-05	9.697950e-05	4.175495e-04
316	13	4	0	5.836892e-03	5.884780e-04	2.115635e-04	2.332435e-04	1.364480e-04	2.452815e-04	4.649300e-05	9.354850e-05	3.721960e-04
317	13	5	0	5.972775e-03	5.637050e-04	1.942135e-04	2.132580e-04	1.305205e-04	2.359705e-04	4.586950e-05	9.040250e-05	3.314545e-04
318	13	6	0	6.051724e-03	5.400830e-04	1.801945e-04	1.940410e-04	1.251865e-04	2.242740e-04	4.251650e-05	8.614200e-05	2.957560e-04
319	13	7	0	6.119518e-03	5.172350e-04	1.666010e-04	1.761100e-04	1.198965e-04	2.136795e-04	4.019000e-05	8.234550e-05	2.634530e-04
320	13	8	0	6.179301e-03	4.951845e-04	1.532860e-04	1.593700e-04	1.146790e-04	2.043235e-04	3.892350e-05	7.902400e-05	2.342640e-04
321	13	9	0	6.215309e-03	4.741125e-04	1.413610e-04	1.433970e-04	1.098195e-04	1.947415e-04	3.699250e-05	7.545250e-05	2.083410e-04
322	13	10	0	6.231817e-03	4.542500e-04	1.307395e-04	1.284875e-04	1.052970e-04	1.853630e-04	3.482800e-05	7.184600e-05	1.857850e-04
323	13	11	0	6.243620e-03	4.349890e-04	1.204550e-04	1.143925e-04	1.008205e-04	1.766510e-04	3.327400e-05	6.852100e-05	1.650025e-04
324	13	12	0	6.247968e-03	4.167295e-04	1.108220e-04	1.013735e-04	9.654500e-05	1.685370e-04	3.207900e-05	6.545500e-05	1.582240e-04
325	13	13	0	6.241050e-03	3.993790e-04	1.019980e-04	8.919050e-05	9.253850e-05	1.604715e-04	3.060900e-05	6.241450e-05	1.568520e-04
326	13	14	0	6.224235e-03	3.831980e-04	9.409650e-05	7.799950e-05	8.866250e-05	1.527805e-04	2.904500e-05	5.948150e-05	1.549990e-04
327	13	15	0	6.203649e-03	3.674480e-04	8.655750e-05	6.720400e-05	8.450950e-05	1.456145e-04	2.778150e-05	5.666650e-05	1.525640e-04
328	13	16	0	6.178544e-03	3.523310e-04	7.948100e-05	5.700650e-05	8.066050e-05	1.389490e-04	2.686000e-05	5.401550e-05	1.496770e-04
329	13	17	0	6.147573e-03	3.378905e-04	7.285850e-05	4.749650e-05	7.777950e-05	1.324885e-04	2.611850e-05	5.150250e-05	1.466405e-04
330	13	18	0	6.112136e-03	3.245225e-04	6.672400e-05	3.883200e-05	7.514350e-05	1.263090e-04	2.521250e-05	4.910000e-05	1.437225e-04
331	13	19	0	6.074798e-03	3.120630e-04	6.079750e-05	3.070550e-05	7.146650e-05	1.203125e-04	2.369500e-05	4.668650e-05	1.411185e-04
332	13	20	0	6.035216e-03	3.003540e-04	5.522350e-05	2.311900e-05	6.759600e-05	1.147435e-04	2.206800e-05	4.444050e-05	1.384060e-04
333	13	21	0	5.992116e-03	2.886325e-04	5.002750e-05	1.576750e-05	6.495200e-05	1.096925e-04	2.117250e-05	4.252650e-05	1.348970e-04
334	13	22	0	5.946799e-03	2.773485e-04	4.539500e-05	8.994500e-06	6.302950e-05	1.050275e-04	2.078550e-05	4.079150e-05	1.311215e-04
335	13	23	0	5.900553e-03	2.667280e-04	4.118600e-05	2.881000e-06	6.039800e-05	1.001335e-04	2.016350e-05	3.879000e-05	1.280425e-04
336	14	0	0	5.354483e-03	6.919745e-04	2.656885e-04	3.293775e-04	1.551860e-04	3.203335e-04	8.799900e-05	1.191310e-04	5.848650e-04
337	14	1	0	5.469482e-03	6.657260e-04	2.548330e-04	3.027795e-04	1.516570e-04	2.955155e-04	7.142350e-05	1.103385e-04	5.228205e-04
338	14	2	0	5.571832e-03	6.395045e-04	2.431135e-04	2.775015e-04	1.474205e-04	2.731715e-04	5.739450e-05	1.026580e-04	4.668645e-04
339	14	3	0	5.685104e-03	6.139140e-04	2.291720e-04	2.544240e-04	1.423500e-04	2.560245e-04	4.855150e-05	9.697950e-05	4.175495e-04
340	14	4	0	5.836892e-03	5.884780e-04	2.115635e-04	2.332435e-04	1.364480e-04	2.452815e-04	4.649300e-05	9.354850e-05	3.721960e-04
341	14	5	0	5.972775e-03	5.637050e-04	1.942135e-04	2.132580e-04	1.305205e-04	2.359705e-04	4.586950e-05	9.040250e-05	3.314545e-04
342	14	6	0	6.051724e-03	5.400830e-04	1.801945e-04	1.940410e-04	1.251865e-04	2.242740e-04	4.251650e-05	8.614200e-05	2.957560e-04
343	14	7	0	6.119518e-03	5.172350e-04	1.666010e-04	1.761100e-04	1.198965e-04	2.136795e-04	4.019000e-05	8.234550e-05	2.634530e-04
344	14	8	0	6.179301e-03	4.951845e-04	1.532860e-04	1.593700e-04	1.146790e-04	2.043235e-04	3.892350e-05	7.902400e-05	2.342640e-04
345	14	9	0	6.215309e-03	4.741125e-04	1.413610e-04	1.433970e-04	1.098195e-04	1.947415e-04	3.699250e-05	7.545250e-05	2.083410e-04
346	14	10	0	6.231817e-03	4.542500e-04	1.307395e-04	1.284875e-04	1.052970e-04	1.853630e-04	3.482800e-05	7.184600e-05	1.857850e-04
347	14	11	0	6.243620e-03	4.349890e-04	1.204550e-04	1.143925e-04	1.008205e-04	1.766510e-04	3.327400e-05	6.852100e-05	1.650025e-04
348	14	12	0	6.247968e-03	4.167295e-04	1.108220e-04	1.013735e-04	9.654500e-05	1.685370e-04	3.207900e-05	6.545500e-05	1.582240e-04
349	14	13	0	6.241050e-03	3.993790e-04	1.019980e-04	8.919050e-05	9.253850e-05	1.604715e-04	3.060900e-05	6.241450e-05	1.568520e-04
350	14	14	0	6.224235e-03	3.831980e-04	9.409650e-05	7.799950e-05	8.866250e-05	1.527805e-04	2.904500e-05	5.948150e-05	1.549990e-04
351	14	15	0	6.203649e-03	3.674480e-04	8.655750e-05	6.720400e-05	8.450950e-05	1.456145e-04	2.778150e-05	5.666650e-05	1.525640e-04
352	14	16	0	6.178544e-03	3.523310e-04	7.948100e-05	5.700650e-05	8.066050e-05	1.389490e-04	2.686000e-05	5.401550e-05	1.496770e-04
353	14	17	0	6.147573e-03	3.378905e-04	7.285850e-05	4.749650e-05	7.777950e-05	1.324885e-04	2.611850e-05	5.150250e-05	1.466405e-04
354	14	18	0	6.112136e-03	3.245225e-04	6.672400e-05	3.883200e-05	7.514350e-05	1.263090e-04	2.521250e-05	4.910000e-05	1.437225e-04
355	14	19	0	6.074798e-03	3.120630e-04	6.079750e-05	3.070550e-05	7.146650e-05	1.203125e-04	2.369500e-05	4.668650e-05	1.411185e-04
356	14	20	0	6.035216e-03	3.003540e-04	5.522350e-05	2.311900e-05	6.759600e-05	1.147435e-04	2.206800e-05	4.444050e-05	1.384060e-04
357	14	21	0	5.992116e-03	2.886325e-04	5.002750e-05	1.576750e-05	6.495200e-05	1.096925e-04	2.117250e-05	4.252650e-05	1.348970e-04
358	14	22	0	5.946799e-03	2.773485e-04	4.539500e-05	8.994500e-06	6.302950e-05	1.050275e-04	2.078550e-05	4.079150e-05	1.311215e-04
359	14	23	0	5.900553e-03	2.667280e-04	4.118600e-05	2.881000e-06	6.039800e-05	1.001335e-04	2.016350e-05	3.879000e-05	1.280425e-04
360	15	0	0	5.354483e-03	6.919745e-04	2.656885e-04	3.293775e-04	1.551860e-04	3.203335e-04	8.799900e-05	1.191310e-04	5.848650e-04
361	15	1	0	5.469482e-03	6.657260e-04	2.548330e-04	3.027795e-04	1.516570e-04	2.955155e-04	7.142350e-05	1.103385e-04	5.228205e-04
362	15	2	0	5.571832e-03	6.395045e-04	2.431135e-04	2.775015e-04	1.474205e-04	2.731715e-04	5.739450e-05	1.026580e-04	4.668645e-04
363	15	3	0	5.685104e-03	6.139140e-04	2.291720e-04	2.544240e-04	1.423500e-04	2.560245e-04	4.855150e-05	9.697950e-05	4.175495e-04
364	15	4	0	5.836892e-03	5.884780e-04	2.115635e-04	2.332435e-04	1.364480e-04	2.452815e-04	4.649300e-05	9.354850e-05	3.721960e-04
365	15	5	0	5.972775e-03	5.637050e-04	1.942135e-04	2.132580e-04	1.305205e-04	2.359705e-04	4.586950e-05	9.040250e-05	3.314545e-04
366	15	6	0	6.051724e-03	5.400830e-04	1.801945e-04	1.940410e-04	1.251865e-04	2.242740e-04	4.251650e-05	8.614200e-05	2.957560e-04
367	15	7	0	6.119518e-03	5.172350e-04	1.666010e-04	1.761100e-04	1.198965e-04	2.136795e-04	4.019000e-05	8.234550e-05	2.634530e-04
368	15	8	0	6.179301e-03	4.951845e-04	1.532860e-04	1.593700e-04	1.146790e-04	2.043235e-04	3.892350e-05	7.902400e-05	2.342640e-04
369	15	9	0	6.215309e-03	4.741125e-04	1.413610e-04	1.433970e-04	1.098195e-04	1.947415e-04	3.699250e-05	7.545250e-05	2.083410e-04
370	15	10	0	6.231817e-03	4.542500e-04	1.307395e-04	1.284875e-04	1.052970e-04	1.853630e-04	3.482800e-05	7.184600e-05	1.857850e-04
371	15	11	0	6.243620e-03	4.349890e-04	1.204550e-04	1.143925e-04	1.008205e-04	1.766510e-04	3.327400e-05	6.852100e-05	1.650025e-04
372	15	12	0	6.247968e-03	4.167295e-04	1.108220e-04	1.013735e-04	9.654500e-05	1.685370e-04	3.207900e-05	6.545500e-05	1.582240e-04
373	15	13	0	6.241050e-03	3.993790e-04	1.019980e-04	8.919050e-05	9.253850e-05	1.604715e-04	3.060900e-05	6.241450e-05	1.568520e-04
374	15	14	0	6.224235e-03	3.831980e-04	9.409650e-05	7.799950e-05	8.866250e-05	1.527805e-04	2.904500e-05	5.948150e-05	1.549990e-04
375	15	15	0	6.203649e-03	3.674480e-04	8.655750e-05	6.720400e-05	8.450950e-05	1.456145e-04	2.778150e-05	5.666650e-05	1.525640e-04
376	15	16	0	6.178544e-03	3.523310e-04	7.948100e-05	5.700650e-05	8.066050e-05	1.389490e-04	2.686000e-05	5.401550e-05	1.496770e-04
377	15	17	0	6.147573e-03	3.378905e-04	7.285850e-05	4.749650e-05	7.777950e-05	1.324885e-04	2.611850e-05	5.150250e-05	1.466405e-04
378	15	18	0	6.112136e-03	3.245225e-04	6.672400e-05	3.883200e-05	7.514350e-05	1.263090e-04	2.521250e-05	4.910000e-05	1.437225e-04
379	15	19	0	6.074798e-03	3.120630e-04	6.079750e-05	3.070550e-05	7.146650e-05	1.203125e-04	2.369500e-05	4.668650e-05	1.411185e-04
380	15	20	0	6.035216e-03	3.003540e-04	5.522350e-05	2.311900e-05	6.759600e-05	1.147435e-04	2.206800e-05	4.444050e-05	1.384060e-04
381	15	21	0	5.992116e-03	2.886325e-04	5.002750e-05	1.576750e-05	6.495200e-05	1.096925e-04	2.117250e-05	4.252650e-05	1.348970e-04
382	15	22	0	5.946799e-03	2.773485e-04	4.539500e-05	8.994500e-06	6.302950e-05	1.050275e-04	2.078550e-05	4.079150e-05	1.311215e-04
383	15	23	0	5.900553e-03	2.667280e-04	4.118600e-05	2.881000e-06	6.039800e-05	1.001335e-04	2.016350e-05	3.879000e-05	1.280425e-04
384	16	0	0	5.354483e-03	6.919745e-04	2.656885e-04	3.293775e-04	1.551860e-04	3.203335e-04	8.799900e-05	1.191310e-04	5.848650e-04
385	16	1	0	5.469482e-03	6.657260e-04	2.548330e-04	3.027795e-04	1.516570e-04	2.955155e-04	7.142350e-05	1.103385e-04	5.228205e-04
386	16	2	0	5.571832e-03	6.395045e-04	2.431135e-04	2.775015e-04	1.474205e-04	2.731715e-04	5.739450e-05	1.026580e-04	4.668645e-04
387	16	3	0	5.685104e-03	6.139140e-04	2.291720e-04	2.544240e-04	1.423500e-04	2.560245e-04	4.855150e-05	9.697950e-05	4.175495e-04
388	16	4	0	5.836892e-03	5.884780e-04	2.115635e-04	2.332435e-04	1.364480e-04	2.452815e-04	4.649300e-05	9.354850e-05	3.721960e-04
389	16	5	0	5.972775e-03	5.637050e-04	1.942135e-04	2.132580e-04	1.305205e-04	2.359705e-04	4.586950e-05	9.040250e-05	3.314545e-04
390	16	6	0	6.051724e-03	5.400830e-04	1.801945e-04	1.940410e-04	1.251865e-04	2.242740e-04	4.251650e-05	8.614200e-05	2.957560e-04
391	16	7	0	6.119518e-03	5.172350e-04	1.666010e-04	1.761100e-04	1.198965e-04	2.136795e-04	4.019000e-05	8.234550e-05	2.634530e-04
392	16	8	0	6.179301e-03	4.951845e-04	1.532860e-04	1.593700e-04	1.146790e-04	2.043235e-04	3.892350e-05	7.902400e-05	2.342640e-04
393	16	9	0	6.215309e-03	4.741125e-04	1.413610e-04	1.433970e-04	1.098195e-04	1.947415e-04	3.699250e-05	7.545250e-05	2.083410e-04
394	16	10	0	6.231817e-03	4.542500e-04	1.307395e-04	1.284875e-04	1.052970e-04	1.853630e-04	3.482800e-05	7.184600e-05	1.857850e-04
395	16	11	0	6.243620e-03	4.349890e-04	1.204550e-04	1.143925e-04	1.008205e-04	1.766510e-04	3.327400e-05	6.852100e-05	1.650025e-04
396	16	12	0	6.247968e-03	4.167295e-04	1.108220e-04	1.013735e-04	9.654500e-05	1.685370e-04	3.207900e-05	6.545500e-05	1.582240e-04
397	16	13	0	6.241050e-03	3.993790e-04	1.019980e-04	8.919050e-05	9.253850e-05	1.604715e-04	3.060900e-05	6.241450e-05	1.568520e-04
398	16	14	0	6.224235e-03	3.831980e-04	9.409650e-05	7.799950e-05	8.866250e-05	1.527805e-04	2.904500e-05	5.948150e-05	1.549990e-04
399	16	15	0	6.203649e-03	3.674480e-04	8.655750e-05	6.720400e-05	8.450950e-05	1.456145e-04	2.778150e-05	5.666650e-05	1.525640e-04
400	16	16	0	6.178544e-03	3.523310e-04	7.948100e-05	5.700650e-05	8.066050e-05	1.389490e-04	2.686000e-05	5.401550e-05	1.496770e-04
401	16	17	0	6.147573e-03	3.378905e-04	7.285850e-05	4.749650e-05	7.777950e-05	1.324885e-04	2.611850e-05	5.150250e-05	1.466405e-04
402	16	18	0	6.112136e-03	3.245225e-04	6.672400e-05	3.883200e-05	7.514350e-05	1.263090e-04	2.521250e-05	4.910000e-05	1.437225e-04
403	16	19	0	6.074798e-03	3.120630e-04	6.079750e-05	3.070550e-05	7.146650e-05	1.203125e-04	2.369500e-05	4.668650e-05	1.411185e-04
404	16	20	0	6.035216e-03	3.003540e-04	5.522350e-05	2.311900e-05	6.759600e-05	1.147435e-04	2.206800e-05	4.444050e-05	1.384060e-04
405	16	21	0	5.992116e-03	2.886325e-04	5.002750e-05	1.576750e-05	6.495200e-05	1.096925e-04	2.117250e-05	4.252650e-05	1.348970e-04
406	16	22	0	5.946799e-03	2.773485e-04	4.539500e-05	8.994500e-06	6.302950e-05	1.050275e-04	2.078550e-05	4.079150e-05	1.311215e-04
407	16	23	0	5.900553e-03	2.667280e-04	4.118600e-05	2.881000e-06	6.039800e-05	1.001335e-04	2.016350e-05	3.879000e-05	1.280425e-04
408	17	0	0	5.354483e-03	6.919745e-04	2.656885e-04	3.293775e-04	1.551860e-04	3.203335e-04	8.799900e-05	1.191310e-04	5.848650e-04
409	17	1	0	5.469482e-03	6.657260e-04	2.548330e-04	3.027795e-04	1.516570e-04	2.955155e-04	7.142350e-05	1.103385e-04	5.228205e-04
410	17	2	0	5.571832e-03	6.395045e-04	2.431135e-04	2.775015e-04	1.474205e-04	2.731715e-04	5.739450e-05	1.026580e-04	4.668645e-04
411	17	3	0	5.685104e-03	6.139140e-04	2.291720e-04	2.544240e-04	1.423500e-04	2.560245e-04	4.855150e-05	9.697950e-05	4.175495e-04
412	17	4	0	5.836892e-03	5.884780e-04	2.115635e-04	2.332435e-04	1.364480e-04	2.452815e-04	4.649300e-05	9.354850e-05	3.721960e-04
413	17	5	0	5.972775e-03	5.637050e-04	1.942135e-04	2.132580e-04	1.305205e-04	2.359705e-04	4.586950e-05	9.040250e-05	3.314545e-04
414	17	6	0	6.051724e-03	5.400830e-04	1.801945e-04	1.940410e-04	1.251865e-04	2.242740e-04	4.251650e-05	8.614200e-05	2.957560e-04
415	17	7	0	6.119518e-03	5.172350e-04	1.666010e-04	1.761100e-04	1.198965e-04	2.136795e-04	4.019000e-05	8.234550e-05	2.634530e-04
416	17	8	0	6.179301e-03	4.951845e-04	1.532860e-04	1.593700e-04	1.146790e-04	2.043235e-04	3.892350e-05	7.902400e-05	2.342640e-04
417	17	9	0	6.215309e-03	4.741125e-04	1.413610e-04	1.433970e-04	1.098195e-04	1.947415e-04	3.699250e-05	7.545250e-05	2.083410e-04
418	17	10	0	6.231817e-03	4.542500e-04	1.307395e-04	1.284875e-04	1.052970e-04	1.853630e-04	3.482800e-05	7.184600e-05	1.857850e-04
419	17	11	0	6.243620e-03	4.349890e-04	1.204550e-04	1.143925e-04	1.008205e-04	1.766510e-04	3.327400e-05	6.852100e-05	1.650025e-04
420	17	12	0	6.247968e-03	4.167295e-04	1.108220e-04	1.013735e-04	9.654500e-05	1.685370e-04	3.207900e-05	6.545500e-05	1.582240e-04
421	17	13	0	6.241050e-03	3.993790e-04	1.019980e-04	8.919050e-05	9.253850e-05	1.604715e-04	3.060900e-05	6.241450e-05	1.568520e-04
422	17	14	0	6.224235e-03	3.831980e-04	9.409650e-05	7.799950e-05	8.866250e-05	1.527805e-04	2.904500e-05	5.948150e-05	1.549990e-04
423	17	15	0	6.203649e-03	3.674480e-04	8.655750e-05	6.720400e-05	8.450950e-05	1.456145e-04	2.778150e-05	5.666650e-05	1.525640e-04
424	17	16	0	6.178544e-03	3.523310e-04	7.948100e-05	5.700650e-05	8.066050e-05	1.389490e-04	2.686000e-05	5.401550e-05	1.496770e-04
425	17	17	0	6.147573e-03	3.378905e-04	7.285850e-05	4.749650e-05	7.777950e-05	1.324885e-04	2.611850e-05	5.150250e-05	1.466405e-04
426	17	18	0	6.112136e-03	3.245225e-04	6.672400e-05	3.883200e-05	7.514350e-05	1.263090e-04	2.521250e-05	4.910000e-05	1.437225e-04
427	17	19	0	6.074798e-03	3.120630e-04	6.079750e-05	3.070550e-05	7.146650e-05	1.203125e-04	2.369500e-05	4.668650e-05	1.411185e-04
428	17	20	0	6.035216e-03	3.003540e-04	5.522350e-05	2.311900e-05	6.759600e-05	1.147435e-04	2.206800e-05	4.444050e-05	1.384060e-04
429	17	21	0	5.992116e-03	2.886325e-04	5.002750e-05	1.576750e-05	6.495200e-05	1.096925e-04	2.117250e-05	4.252650e-05	1.348970e-04
430	17	22	0	5.946799e-03	2.773485e-04	4.539500e-05	8.994500e-06	6.302950e-05	1.050275e-04	2.078550e-05	4.079150e-05	1.311215e-04
431	17	23	0	5.900553e-03	2.667280e-04	4.118600e-05	2.881000e-06	6.039800e-05	1.001335e-04	2.016350e-05	3.879000e-05	1.280425e-04
432	18	0	0	5.354483e-03	6.919745e-04	2.656885e-04	3.293775e-04	1.551860e-04	3.203335e-04	8.799900e-05	1.191310e-04	5.848650e-04
433	18	1	0	5.469482e-03	6.657260e-04	2.548330e-04	3.027795e-04	1.516570e-04	2.955155e-04	7.142350e-05	1.103385e-04	5.228205e-04
434	18	2	0	5.571832e-03	6.395045e-04	2.431135e-04	2.775015e-04	1.474205e-04	2.731715e-04	5.739450e-05	1.026580e-04	4.668645e-04
435	18	3	0	5.685104e-03	6.139140e-04	2.291720e-04	2.544240e-04	1.423500e-04	2.560245e-04	4.855150e-05	9.697950e-05	4.175495e-04
436	18	4	0	5.836892e-03	5.884780e-04	2.115635e-04	2.332435e-04	1.364480e-04	2.452815e-04	4.649300e-05	9.354850e-05	3.721960e-04
437	18	5	0	5.972775e-03	5.637050e-04	1.942135e-04	2.132580e-04	1.305205e-04	2.359705e-04	4.586950e-05	9.040250e-05	3.314545e-04
438	18	6	0	6.051724e-03	5.400830e-04	1.801945e-04	1.940410e-04	1.251865e-04	2.242740e-04	4.251650e-05	8.614200e-05	2.957560e-04
439	18	7	0	6.119518e-03	5.172350e-04	1.666010e-04	1.761100e-04	1.198965e-04	2.136795e-04	4.019000e-05	8.234550e-05	2.634530e-04
440	18	8	0	6.179301e-03	4.951845e-04	1.532860e-04	1.593700e-04	1.146790e-04	2.043235e-04	3.892350e-05	7.902400e-05	2.342640e-04
441	18	9	0	6.215309e-03	4.741125e-04	1.413610e-04	1.433970e-04	1.098195e-04	1.947415e-04	3.699250e-05	7.545250e-05	2.083410e-04
442	18	10	0	6.231817e-03	4.542500e-04	1.307395e-04	1.284875e-04	1.052970e-04	1.853630e-04	3.482800e-05	7.184600e-05	1.857850e-04
443	18	11	0	6.243620e-03	4.349890e-04	1.204550e-04	1.143925e-04	1.008205e-04	1.766510e-04	3.327400e-05	6.852100e-05	1.650025e-04
444	18	12	0	6.247968e-03	4.167295e-04	1.108220e-04	1.013735e-04	9.654500e-05	1.685370e-04	3.207900e-05	6.545500e-05	1.582240e-04
445	18	13	0	6.241050e-03	3.993790e-04	1.019980e-04	8.919050e-05	9.253850e-05	1.604715e-04	3.060900e-05	6.241450e-05	1.568520e-04
446	18	14	0	6.224235e-03	3.831980e-04	9.409650e-05	7.799950e-05	8.866250e-05	1.527805e-04	2.904500e-05	5.948150e-05	1.549990e-04
447	18	15	0	6.203649e-03	3.674480e-04	8.655750e-05	6.720400e-05	8.450950e-05	1.456145e-04	2.778150e-05	5.666650e-05	1.525640e-04
448	18	16	0	6.178544e-03	3.523310e-04	7.948100e-05	5.700650e-05	8.066050e-05	1.389490e-04	2.686000e-05	5.401550e-05	1.496770e-04
449	18	17	0	6.147573e-03	3.378905e-04	7.285850e-05	4.749650e-05	7.777950e-05	1.324885e-04	2.611850e-05	5.150250e-05	1.466405e-04
450	18	18	0	6.112136e-03	3.245225e-04	6.672400e-05	3.883200e-05	7.514350e-05	1.263090e-04	2.521250e-05	4.910000e-05	1.437225e-04
451	18	19	0	6.074798e-03	3.120630e-04	6.079750e-05	3.070550e-05	7.146650e-05	1.203125e-04	2.369500e-05	4.668650e-05	1.411185e-04
452	18	20	0	6.035216e-03	3.003540e-04	5.522350e-05	2.311900e-05	6.759600e-05	1.147435e-04	2.206800e-05	4.444050e-05	1.384060e-04
453	18	21	0	5.992116e-03	2.886325e-04	5.002750e-05	1.576750e-05	6.495200e-05	1.096925e-04	2.117250e-05	4.252650e-05	1.348970e-04
454	18	22	0	5.946799e-03	2.773485e-04	4.539500e-05	8.994500e-06	6.302950e-05	1.050275e-04	2.078550e-05	4.079150e-05	1.311215e-04
455	18	23	0	5.900553e-03	2.667280e-04	4.118600e-05	2.881000e-06	6.039800e-05	1.001335e-04	2.016350e-05	3.879000e-05	1.280425e-04
456	19	0	0	5.354483e-03	6.919745e-04	2.656885e-04	3.293775e-04	1.551860e-04	3.203335e-04	8.799900e-05	1.191310e-04	5.848650e-04
457	19	1	0	5.469482e-03	6.657260e-04	2.548330e-04	3.027795e-04	1.516570e-04	2.955155e-04	7.142350e-05	1.103385e-04	5.228205e-04
458	19	2	0	5.571832e-03	6.395045e-04	2.431135e-04	2.775015e-04	1.474205e-04	2.731715e-04	5.739450e-05	1.026580e-04	4.668645e-04
459	19	3	0	5.685104e-03	6.139140e-04	2.291720e-04	2.544240e-04	1.423500e-04	2.560245e-04	4.855150e-05	9.697950e-05	4.175495e-04
460	19	4	0	5.836892e-03	5.884780e-04	2.115635e-04	2.332435e-04	1.364480e-04	2.452815e-04	4.649300e-05	9.354850e-05	3.721960e-04
461	19	5	0	5.972775e-03	5.637050e-04	1.942135e-04	2.132580e-04	1.305205e-04	2.359705e-04	4.586950e-05	9.040250e-05	3.314545e-04
462	19	6	0	6.051724e-03	5.400830e-04	1.801945e-04	1.940410e-04	1.251865e-04	2.242740e-04	4.251650e-05	8.614200e-05	2.957560e-04
463	19	7	0	6.119518e-03	5.172350e-04	1.666010e-04	1.761100e-04	1.198965e-04	2.136795e-04	4.019000e-05	8.234550e-05	2.634530e-04
464	19	8	0	6.179301e-03	4.951845e-04	1.532860e-04	1.593700e-04	1.146790e-04	2.043235e-04	3.892350e-05	7.902400e-05	2.342640e-04
465	19	9	0	6.215309e-03	4.741125e-04	1.413610e-04	1.433970e-04	1.098195e-04	1.947415e-04	3.699250e-05	7.545250e-05	2.083410e-04
466	19	10	0	6.231817e-03	4.542500e-04	1.307395e-04	1.284875e-04	1.052970e-04	1.853630e-04	3.482800e-05	7.184600e-05	1.857850e-04
467	19	11	0	6.243620e-03	4.349890e-04	1.204550e-04	1.143925e-04	1.008205e-04	1.766510e-04	3.327400e-05	6.852100e-05	1.650025e-04
468	19	12	0	6.247968e-03	4.167295e-04	1.108220e-04	1.013735e-04	9.654500e-05	1.685370e-04	3.207900e-05	6.545500e-05	1.582240e-04
469	19	13	0	6.241050e-03	3.993790e-04	1.019980e-04	8.919050e-05	9.253850e-05	1.604715e-04	3.060900e-05	6.241450e-05	1.568520e-04
470	19	14	0	6.224235e-03	3.831980e-04	9.409650e-05	7.799950e-05	8.866250e-05	1.527805e-04	2.904500e-05	5.948150e-05	1.549990e-04
471	19	15	0	6.203649e-03	3.674480e-04	8.655750e-05	6.720400e-05	8.450950e-05	1.456145e-04	2.778150e-05	5.666650e-05	1.525640e-04
472	19	16	0	6.178544e-03	3.523310e-04	7.948100e-05	5.700650e-05	8.066050e-05	1.389490e-04	2.686000e-05	5.401550e-05	1.496770e-04
473	19	17	0	6.147573e-03	3.378905e-04	7.285850e-05	4.749650e-05	7.777950e-05	1.324885e-04	2.611850e-05	5.150250e-05	1.466405e-04
474	19	18	0	6.112136e-03	3.245225e-04	6.672400e-05	3.883200e-05	7.514350e-05	1.263090e-04	2.521250e-05	4.910000e-05	1.437225e-04
475	19	19	0	6.074798e-03	3.120630e-04	6.079750e-05	3.070550e-05	7.146650e-05	1.203125e-04	2.369500e-05	4.668650e-05	1.411185e-04
476	19	20	0	6.035216e-03	3.003540e-04	5.522350e-05	2.311900e-05	6.759600e-05	1.147435e-04	2.206800e-05	4.444050e-05	1.384060e-04
477	19	21	0	5.992116e-03	2.886325e-04	5.002750e-05	1.576750e-05	6.495200e-05	1.096925e-04	2.117250e-05	4.252650e-05	1.348970e-04
478	19	22	0	5.946799e-03	2.773485e-04	4.539500e-05	8.994500e-06	6.302950e-05	1.050275e-04	2.078550e-05	4.079150e-05	1.311215e-04
479	19	23	0	5.900553e-03	2.667280e-04	4.118600e-05	2.881000e-06	6.039800e-05	1.001335e-04	2.016350e-05	3.879000e-05	1.280425e-04
480	20	0	0	5.354483e-03	6.919745e-04	2.656885e-04	3.293775e-04	1.551860e-04	3.203335e-04	8.799900e-05	1.191310e-04	5.848650e-04
481	20	1	0	5.469482e-03	6.657260e-04	2.548330e-04	3.027795e-04	1.516570e-04	2.955155e-04	7.142350e-05	1.103385e-04	5.228205e-04
482	20	2	0	5.571832e-03	6.395045e-04	2.431135e-04	2.775015e-04	1.474205e-04	2.731715e-04	5.739450e-05	1.026580e-04	4.668645e-04
483	20	3	0	5.685104e-03	6.139140e-04	2.291720e-04	2.544240e-04	1.423500e-04	2.560245e-04	4.855150e-05	9.697950e-05	4.175495e-04
484	20	4	0	5.836892e-03	5.884780e-04	2.115635e-04	2.332435e-04	1.364480e-04	2.452815e-04	4.649300e-05	9.354850e-05	3.721960e-04
485	20	5	0	5.972775e-03	5.637050e-04	1.942135e-04	2.132580e-04	1.305205e-04	2.359705e-04	4.586950e-05	9.040250e-05	3.314545e-04
486	20	6	0	6.051724e-03	5.400830e-04	1.801945e-04	1.940410e-04	1.251865e-04	2.242740e-04	4.251650e-05	8.614200e-05	2.957560e-04
487	20	7	0	6.119518e-03	5.172350e-04	1.666010e-04	1.761100e-04	1.198965e-04	2.136795e-04	4.019000e-05	8.234550e-05	2.634530e-04
488	20	8	0	6.179301e-03	4.951845e-04	1.532860e-04	1.593700e-04	1.146790e-04	2.043235e-04	3.892350e-05	7.902400e-05	2.342640e-04
489	20	9	0	6.215309e-03	4.741125e-04	1.413610e-04	1.433970e-04	1.098195e-04	1.947415e-04	3.699250e-05	7.545250e-05	2.083410e-04
490	20	10	0	6.231817e-03	4.542500e-04	1.307395e-04	1.284875e-04	1.052970e-04	1.853630e-04	3.482800e-05	7.184600e-05	1.857850e-04
491	20	11	0	6.243620e-03	4.349890e-04	1.204550e-04	1.143925e-04	1.008205e-04	1.766510e-04	3.327400e-05	6.852100e-05	1.650025e-04
492	20	12	0	6.247968e-03	4.167295e-04	1.108220e-04	1.013735e-04	9.654500e-05	1.685370e-04	3.207900e-05	6.545500e-05	1.582240e-04
493	20	13	0	6.241050e-03	3.993790e-04	1.019980e-04	8.919050e-05	9.253850e-05	1.604715e-04	3.060900e-05	6.241450e-05	1.568520e-04
494	20	14	0	6.224235e-03	3.831980e-04	9.409650e-05	7.799950e-05	8.866250e-05	1.527805e-04	2.904500e-05	5.948150e-05	1.549990e-04
495	20	15	0	6.203649e-03	3.674480e-04	8.655750e-05	6.720400e-05	8.450950e-05	1.456145e-04	2.778150e-05	5.666650e-05	1.525640e-04
496	20	16	0	6.178544e-03	3.523310e-04	7.948100e-05	5.700650e-05	8.066050e-05	1.389490e-04	2.686000e-05	5.401550e-05	1.496770e-04
497	20	17	0	6.147573e-03	3.378905e-04	7.285850e-05	4.749650e-05	7.777950e-05	1.324885e-04	2.611850e-05	5.150250e-05	1.466405e-04
498	20	18	0	6.112136e-03	3.245225e-04	6.672400e-05	3.883200e-05	7.514350e-05	1.263090e-04	2.521250e-05	4.910000e-05	1.437225e-04
499	20	19	0	6.074798e-03	3.120630e-04	6.079750e-05	3.070550e-05	7.146650e-05	1.203125e-04	2.369500e-05	4.668650e-05	1.411185e-04
500	20	20	0	6.035216e-03	3.003540e-04	5.522350e-05	2.311900e-05	6.759600e-05	1.147435e-04	2.206800e-05	4.444050e-05	1.384060e-04
501	20	21	0	5.992116e-03	2.886325e-04	5.002750e-05	1.576750e-05	6.495200e-05	1.096925e-04	2.117250e-05	4.252650e-05	1.348970e-04
502	20	22	0	5.946799e-03	2.773485e-04	4.539500e-05	8.994500e-06	6.302950e-05	1.050275e-04	2.078550e-05	4.079150e-05	1.311215e-04
503	20	23	0	5.900553e-03	2.667280e-04	4.118600e-05	2.881000e-06	6.039800e-05	1.001335e-04	2.016350e-05	3.879000e-05	1.280425e-04
504	21	0	0	5.354483e-03	6.919745e-04	2.656885e-04	3.293775e-04	1.551860e-04	3.203335e-04	8.799900e-05	1.191310e-04	5.848650e-04
505	21	1	0	5.469482e-03	6.657260e-04	2.548330e-04	3.027795e-04	1.516570e-04	2.955155e-04	7.142350e-05	1.103385e-04	5.228205e-04
506	21	2	0	5.571832e-03	6.395045e-04	2.431135e-04	2.775015e-04	1.474205e-04	2.731715e-04	5.739450e-05	1.026580e-04	4.668645e-04
507	21	3	0	5.685104e-03	6.139140e-04	2.291720e-04	2.544240e-04	1.423500e-04	2.560245e-04	4.855150e-05	9.697950e-05	4.175495e-04
508	21	4	0	5.836892e-03	5.884780e-04	2.115635e-04	2.332435e-04	1.364480e-04	2.452815e-04	4.649300e-05	9.354850e-05	3.721960e-04
509	21	5	0	5.972775e-03	5.637050e-04	1.942135e-04	2.132580e-04	1.305205e-04	2.359705e-04	4.586950e-05	9.040250e-05	3.314545e-04
510	21	6	0	6.051724e-03	5.400830e-04	1.801945e-04	1.940410e-04	1.251865e-04	2.242740e-04	4.251650e-05	8.614200e-05	2.957560e-04
511	21	7	0	6.119518e-03	5.172350e-04	1.666010e-04	1.761100e-04	1.198965e-04	2.136795e-04	4.019000e-05	8.234550e-05	2.634530e-04
512	21	8	0	6.179301e-03	4.951845e-04	1.532860e-04	1.593700e-04	1.146790e-04	2.043235e-04	3.892350e-05	7.902400e-05	2.342640e-04
513	21	9	0	6.215309e-03	4.741125e-04	1.413610e-04	1.433970e-04	1.098195e-04	1.947415e-04	3.699250e-05	7.545250e-05	2.083410e-04
514	21	10	0	6.231817e-03	4.542500e-04	1.307395e-04	1.284875e-04	1.052970e-04	1.853630e-04	3.482800e-05	7.184600e-05	1.857850e-04
515	21	11	0	6.243620e-03	4.349890e-04	1.204550e-04	1.143925e-04	1.008205e-04	1.766510e-04	3.327400e-05	6.852100e-05	1.650025e-04
516	21	12	0	6.247968e-03	4.167295e-04	1.108220e-04	1.013735e-04	9.654500e-05	1.685370e-04	3.207900e-05	6.545500e-05	1.582240e-04
517	21	13	0	6.241050e-03	3.993790e-04	1.019980e-04	8.919050e-05	9.253850e-05	1.604715e-04	3.060900e-05	6.241450e-05	1.568520e-04
518	21	14	0	6.224235e-03	3.831980e-04	9.409650e-05	7.799950e-05	8.866250e-05	1.527805e-04	2.904500e-05	5.948150e-05	1.549990e-04
519	21	15	0	6.203649e-03	3.674480e-04	8.655750e-05	6.720400e-05	8.450950e-05	1.456145e-04	2.778150e-05	5.666650e-05	1.525640e-04
520	21	16	0	6.178544e-03	3.523310e-04	7.948100e-05	5.700650e-05	8.066050e-05	1.389490e-04	2.686000e-05	5.401550e-05	1.496770e-04
521	21	17	0	6.147573e-03	3.378905e-04	7.285850e-05	4.749650e-05	7.777950e-05	1.324885e-04	2.611850e-05	5.150250e-05	1.466405e-04
522	21	18	0	6.112136e-03	3.245225e-04	6.672400e-05	3.883200e-05	7.514350e-05	1.263090e-04	2.521250e-05	4.910000e-05	1.437225e-04
523	21	19	0	6.074798e-03	3.120630e-04	6.079750e-05	3.070550e-05	7.146650e-05	1.203125e-04	2.369500e-05	4.668650e-05	1.411185e-04
524	21	20	0	6.035216e-03	3.003540e-04	5.522350e-05	2.311900e-05	6.759600e-05	1.147435e-04	2.206800e-05	4.444050e-05	1.384060e-04
525	21	21	0	5.992116e-03	2.886325e-04	5.002750e-05	1.576750e-05	6.495200e-05	1.096925e-04	2.117250e-05	4.252650e-05	1.348970e-04
526	21	22	0	5.946799e-03	2.773485e-04	4.539500e-05	8.994500e-06	6.302950e-05	1.050275e-04	2.078550e-05	4.079150e-05	1.311215e-04
527	21	23	0	5.900553e-03	2.667280e-04	4.118600e-05	2.881000e-06	6.039800e-05	1.001335e-04	2.016350e-05	3.879000e-05	1.280425e-04
528	22	0	0	5.354483e-03	6.919745e-04	2.656885e-04	3.293775e-04	1.551860e-04	3.203335e-04	8.799900e-05	1.191310e-04	5.848650e-04
529	22	1	0	5.469482e-03	6.657260e-04	2.548330e-04	3.027795e-04	1.516570e-04	2.955155e-04	7.142350e-05	1.103385e-04	5.228205e-04
530	22	2	0	5.571832e-03	6.395045e-04	2.431135e-04	2.775015e-04	1.474205e-04	2.731715e-04	5.739450e-05	1.026580e-04	4.668645e-04
531	22	3	0	5.685104e-03	6.139140e-04	2.291720e-04	2.544240e-04	1.423500e-04	2.560245e-04	4.855150e-05	9.697950e-05	4.175495e-04
532	22	4	0	5.836892e-03	5.884780e-04	2.115635e-04	2.332435e-04	1.364480e-04	2.452815e-04	4.649300e-05	9.354850e-05	3.721960e-04
533	22	5	0	5.972775e-03	5.637050e-04	1.942135e-04	2.132580e-04	1.305205e-04	2.359705e-04	4.586950e-05	9.040250e-05	3.314545e-04
534	22	6	0	6.051724e-03	5.400830e-04	1.801945e-04	1.940410e-04	1.251865e-04	2.242740e-04	4.251650e-05	8.614200e-05	2.957560e-04
535	22	7	0	6.119518e-03	5.172350e-04	1.666010e-04	1.761100e-04	1.198965e-04	2.136795e-04	4.019000e-05	8.234550e-05	2.634530e-04
536	22	8	0	6.179301e-03	4.951845e-04	1.532860e-04	1.593700e-04	1.146790e-04	2.043235e-04	3.892350e-05	7.902400e-05	2.342640e-04
537	22	9	0	6.215309e-03	4.741125e-04	1.413610e-04	1.433970e-04	1.098195e-04	1.947415e-04	3.699250e-05	7.545250e-05	2.083410e-04
538	22	10	0	6.231817e-03	4.542500e-04	1.307395e-04	1.284875e-04	1.052970e-04	1.853630e-04	3.482800e-05	7.184600e-05	1.857850e-04
539	22	11	0	6.243620e-03	4.349890e-04	1.204550e-04	1.143925e-04	1.008205e-04	1.766510e-04	3.327400e-05	6.852100e-05	1.650025e-04
540	22	12	0	6.247968e-03	4.167295e-04	1.108220e-04	1.013735e-04	9.654500e-05	1.685370e-04	3.207900e-05	6.545500e-05	1.582240e-04
541	22	13	0	6.241050e-03	3.993790e-04	1.019980e-04	8.919050e-05	9.253850e-05	1.604715e-04	3.060900e-05	6.241450e-05	1.568520e-04
542	22	14	0	6.224235e-03	3.831980e-04	9.409650e-05	7.799950e-05	8.866250e-05	1.527805e-04	2.904500e-05	5.948150e-05	1.549990e-04
543	22	15	0	6.203649e-03	3.674480e-04	8.655750e-05	6.720400e-05	8.450950e-05	1.456145e-04	2.778150e-05	5.666650e-05	1.525640e-04
544	22	16	0	6.178544e-03	3.523310e-04	7.948100e-05	5.700650e-05	8.066050e-05	1.389490e-04	2.686000e-05	5.401550e-05	1.496770e-04
545	22	17	0	6.147573e-03	3.378905e-04	7.285850e-05	4.749650e-05	7.777950e-05	1.324885e-04	2.611850e-05	5.150250e-05	1.466405e-04
546	22	18	0	6.112136e-03	3.245225e-04	6.672400e-05	3.883200e-05	7.514350e-05	1.263090e-04	2.521250e-05	4.910000e-05	1.437225e-04
547	22	19	0	6.074798e-03	3.120630e-04	6.079750e-05	3.070550e-05	7.146650e-05	1.203125e-04	2.369500e-05	4.668650e-05	1.411185e-04
548	22	20	0	6.035216e-03	3.003540e-04	5.522350e-05	2.311900e-05	6.759600e-05	1.147435e-04	2.206800e-05	4.444050e-05	1.384060e-04
549	22	21	0	5.992116e-03	2.886325e-04	5.002750e-05	1.576750e-05	6.495200e-05	1.096925e-04	2.117250e-05	4.252650e-05	1.348970e-04
550	22	22	0	5.946799e-03	2.773485e-04	4.539500e-05	8.994500e-06	6.302950e-05	1.050275e-04	2.078550e-05	4.079150e-05	1.311215e-04
551	22	23	0	5.900553e-03	2.667280e-04	4.118600e-05	2.881000e-06	6.039800e-05	1.001335e-04	2.016350e-05	3.879000e-05	1.280425e-04
552	23	0	0	5.354483e-03	6.919745e-04	2.656885e-04	3.293775e-04	1.551860e-04	3.203335e-04	8.799900e-05	1.191310e-04	5.848650e-04
553	23	1	0	5.469482e-03	6.657260e-04	2.548330e-04	3.027795e-04	1.516570e-04	2.955155e-04	7.142350e-05	1.103385e-04	5.228205e-04
554	23	2	0	5.571832e-03	6.395045e-04	2.431135e-04	2.775015e-04	1.474205e-04	2.731715e-04	5.739450e-05	1.026580e-04	4.668645e-04
555	23	3	0	5.685104e-03	6.139140e-04	2.291720e-04	2.544240e-04	1.423500e-04	2.560245e-04	4.855150e-05	9.697950e-05	4.175495e-04
556	23	4	0	5.836892e-03	5.884780e-04	2.115635e-04	2.332435e-04	1.364480e-04	2.452815e-04	4.649300e-05	9.354850e-05	3.721960e-04
557	23	5	0	5.972775e-03	5.637050e-04	1.942135e-04	2.132580e-04	1.305205e-04	2.359705e-04	4.586950e-05	9.040250e-05	3.314545e-04
558	23	6	0	6.051724e-03	5.400830e-04	1.801945e-04	1.940410e-04	1.251865e-04	2.242740e-04	4.251650e-05	8.614200e-05	2.957560e-04
559	23	7	0	6.119518e-03	5.172350e-04	1.666010e-04	1.761100e-04	1.198965e-04	2.136795e-04	4.019000e-05	8.234550e-05	2.634530e-04
560	23	8	0	6.179301e-03	4.951845e-04	1.532860e-04	1.593700e-04	1.146790e-04	2.043235e-04	3.892350e-05	7.902400e-05	2.342640e-04
561	23	9	0	6.215309e-03	4.741125e-04	1.413610e-04	1.433970e-04	1.098195e-04	1.947415e-04	3.699250e-05	7.545250e-05	2.083410e-04
562	23	10	0	6.231817e-03	4.542500e-04	1.307395e-04	1.284875e-04	1.052970e-04	1.853630e-04	3.482800e-05	7.184600e-05	1.857850e-04
563	23	11	0	6.243620e-03	4.349890e-04	1.204550e-04	1.143925e-04	1.008205e-04	1.766510e-04	3.327400e-05	6.852100e-05	1.650025e-04
564	23	12	0	6.247968e-03	4.167295e-04	1.108220e-04	1.013735e-04	9.654500e-05	1.685370e-04	3.207900e-05	6.545500e-05	1.582240e-04
565	23	13	0	6.241050e-03	3.993790e-04	1.019980e-04	8.919050e-05	9.253850e-05	1.604715e-04	3.060900e-05	6.241450e-05	1.568520e-04
566	23	14	0	6.224235e-03	3.831980e-04	9.409650e-05	7.799950e-05	8.866250e-05	1.527805e-04	2.904500e-05	5.948150e-05	1.549990e-04
567	23	15	0	6.203649e-03	3.674480e-04	8.655750e-05	6.720400e-05	8.450950e-05	1.456145e-04	2.778150e-05	5.666650e-05	1.525640e-04
568	23	16	0	6.178544e-03	3.523310e-04	7.948100e-05	5.700650e-05	8.066050e-05	1.389490e-04	2.686000e-05	5.401550e-05	1.496770e-04
569	23	17	0	6.147573e-03	3.378905e-04	7.285850e-05	4.749650e-05	7.777950e-05	1.324885e-04	2.611850e-05	5.150250e-05	1.466405e-04
570	23	18	0	6.112136e-03	3.245225e-04	6.672400e-05	3.883200e-05	7.514350e-05	1.263090e-04	2.521250e-05	4.910000e-05	1.437225e-04
571	23	19	0	6.074798e-03	3.120630e-04	6.079750e-05	3.070550e-05	7.146650e-05	1.203125e-04	2.369500e-05	4.668650e-05	1.411185e-04
572	23	20	0	6.035216e-03	3.003540e-04	5.522350e-05	2.311900e-05	6.759600e-05	1.147435e-04	2.206800e-05	4.444050e-05	1.384060e-04
573	23	21	0	5.992116e-03	2.886325e-04	5.002750e-05	1.576750e-05	6.495200e-05	1.096925e-04	2.117250e-05	4.252650e-05	1.348970e-04
574	23	22	0	5.946799e-03	2.773485e-04	4.539500e-05	8.994500e-06	6.302950e-05	1.050275e-04	2.078550e-05	4.079150e-05	1.311215e-04
575	23	23	0	5.900553e-03	2.667280e-04	4.118600e-05	2.881000e-06	6.039800e-05	1.001335e-04	2.016350e-05	3.879000e-05	1.280425e-04
576	24	0	0	5.354483e-03	6.919745e-04	2.656885e-04	3.293775e-04	1.551860e-04	3.203335e-04	8.799900e-05	1.191310e-04	5.848650e-04
577	24	1	0	5.469482e-03	6.657260e-04	2.548330e-04	3.027795e-04	1.516570e-04	2.955155e-04	7.142350e-05	1.103385e-04	5.228205e-04
578	24	2	0	5.571832e-03	6.395045e-04	2.431135e-04	2.775015e-04	1.474205e-04	2.731715e-04	5.739450e-05	1.026580e-04	4.668645e-04
579	24	3	0	5.685104e-03	6.139140e-04	2.291720e-04	2.544240e-04	1.423500e-04	2.560245e-04	4.855150e-05	9.697950e-05	4.175495e-04
580	24	4	0	5.836892e-03	5.884780e-04	2.115635e-04	2.332435e-04	1.364480e-04	2.452815e-04	4.649300e-05	9.354850e-05	3.721960e-04
581	24	5	0	5.972775e-03	5.637050e-04	1.942135e-04	2.132580e-04	1.305205e-04	2.359705e-04	4.586950e-05	9.040250e-05	3.314545e-04
582	24	6	0	6.051724e-03	5.400830e-04	1.801945e-04	1.940410e-04	1.251865e-04	2.242740e-04	4.251650e-05	8.614200e-05	2.957560e-04
583	24	7	0	6.119518e-03	5.172350e-04	1.666010e-04	1.761100e-04	1.198965e-04	2.136795e-04	4.019000e-05	8.234550e-05	2.634530e-04
584	24	8	0	6.179301e-03	4.951845e-04	1.532860e-04	1.593700e-04	1.146790e-04	2.043235e-04	3.892350e-05	7.902400e-05	2.342640e-04
585	24	9	0	6.215309e-03	4.741125e-04	1.413610e-04	1.433970e-04	1.098195e-04	1.947415e-04	3.699250e-05	7.545250e-05	2.083410e-04
586	24	10	0	6.231817e-03	4.542500e-04	1.307395e-04	1.284875e-04	1.052970e-04	1.853630e-04	3.482800e-05	7.184600e-05	1.857850e-04
587	24	11	0	6.243620e-03	4.349890e-04	1.204550e-04	1.143925e-04	1.008205e-04	1.766510e-04	3.327400e-05	6.852100e-05	1.650025e-04
588	24	12	0	6.247968e-03	4.167295e-04	1.108220e-04	1.013735e-04	9.654500e-05	1.685370e-04	3.207900e-05	6.545500e-05	1.582240e-04
589	24	13	0	6.241050e-03	3.993790e-04	1.019980e-04	8.919050e-05	9.253850e-05	1.604715e-04	3.060900e-05	6.241450e-05	1.568520e-04
590	24	14	0	6.224235e-03	3.831980e-04	9.409650e-05	7.799950e-05	8.866250e-05	1.527805e-04	2.904500e-05	5.948150e-05	1.549990e-04
591	24	15	0	6.203649e-03	3.674480e-04	8.655750e-05	6.720400e-05	8.450950e-05	1.456145e-04	2.778150e-05	5.666650e-05	1.525640e-04
592	24	16	0	6.178544e-03	3.523310e-04	7.948100e-05	5.700650e-05	8.066050e-05	1.389490e-04	2.686000e-05	5.401550e-05	1.496770e-04
593	24	17	0	6.147573e-03	3.378905e-04	7.285850e-05	4.749650e-05	7.777950e-05	1.324885e-04	2.611850e-05	5.150250e-05	1.466405e-04
594	24	18	0	6.112136e-03	3.245225e-04	6.672400e-05	3.883200e-05	7.514350e-05	1.263090e-04	2.521250e-05	4.910000e-05	1.437225e-04
595	24	19	0	6.074798e-03	3.120630e-04	6.079750e-05	3.070550e-05	7.146650e-05	1.203125e-04	2.369500e-05	4.668650e-05	1.411185e-04
596	24	20	0	6.035216e-03	3.003540e-04	5.522350e-05	2.311900e-05	6.759600e-05	1.147435e-04	2.206800e-05	4.444050e-05	1.384060e-04
597	24	21	0	5.992116e-03	2.886325e-04	5.002750e-05	1.576750e-05	6.495200e-05	1.096925e-04	2.117250e-05	4.252650e-05	1.348970e-04
598	24	22	0	5.946799e-03	2.773485e-04	4.539500e-05	8.994500e-06	6.302950e-05	1.050275e-04	2.078550e-05	4.079150e-05	1.311215e-04
599	24	23	0	5.900553e-03	2.667280e-04	4.118600e-05	2.881000e-06	6.039800e-05	1.001335e-04	2.016350e-05	3.879000e-05	1.280425e-04
600	25	0	0	5.354483e-03	6.919745e-04	2.656885e-04	3.293775e-04	1.551860e-04	3.203335e-04	8.799900e-05	1.191310e-04	5.848650e-04
601	25	1	0	5.469482e-03	6.657260e-04	2.548330e-04	3.027795e-04	1.516570e-04	2.955155e-04	7.142350e-05	1.103385e-04	5.228205e-04
602	25	2	0	5.571832e-03	6.395045e-04	2.431135e-04	2.775015e-04	1.474205e-04	2.731715e-04	5.739450e-05	1.026580e-04	4.668645e-04
603	25	3	0	5.685104e-03	6.139140e-04	2.291720e-04	2.544240e-04	1.423500e-04	2.560245e-04	4.855150e-05	9.697950e-05	4.175495e-04
604	25	4	0	5.836892e-03	5.884780e-04	2.115635e-04	2.332435e-04	1.364480e-04	2.452815e-04	4.649300e-05	9.354850e-05	3.721960e-04
605	25	5	0	5.972775e-03	5.637050e-04	1.942135e-04	2.132580e-04	1.305205e-04	2.359705e-04	4.586950e-05	9.040250e-05	3.314545e-04
606	25	6	0	6.051724e-03	5.400830e-04	1.801945e-04	1.940410e-04	1.251865e-04	2.242740e-04	4.251650e-05	8.614200e-05	2.957560e-04
607	25	7	0	6.119518e-03	5.172350e-04	1.666010e-04	1.761100e-04	1.198965e-04	2.136795e-04	4.019000e-05	8.234550e-05	2.634530e-04
608	25	8	0	6.179301e-03	4.951845e-04	1.532860e-04	1.593700e-04	1.146790e-04	2.043235e-04	3.892350e-05	7.902400e-05	2.342640e-04
609	25	9	0	6.215309e-03	4.741125e-04	1.413610e-04	1.433970e-04	1.098195e-04	1.947415e-04	3.699250e-05	7.545250e-05	2.083410e-04
610	25	10	0	6.231817e-03	4.542500e-04	1.307395e-04	1.284875e-04	1.052970e-04	1.853630e-04	3.482800e-05	7.184600e-05	1.857850e-04
611	25	11	0	6.243620e-03	4.349890e-04	1.204550e-04	1.143925e-04	1.008205e-04	1.766510e-04	3.327400e-05	6.852100e-05	1.650025e-04
612	25	12	0	6.247968e-03	4.167295e-04	1.108220e-04	1.013735e-04	9.654500e-05	1.685370e-04	3.207900e-05	6.545500e-05	1.582240e-04
613	25	13	0	6.241050e-03	3.993790e-04	1.019980e-04	8.919050e-05	9.253850e-05	1.604715e-04	3.060900e-05	6.241450e-05	1.568520e-04
614	25	14	0	6.224235e-03	3.831980e-04	9.409650e-05	7.799950e-05	8.866250e-05	1.527805e-04	2.904500e-05	5.948150e-05	1.549990e-04
615	25	15	0	6.203649e-03	3.674480e-04	8.655750e-05	6.720400e-05	8.450950e-05	1.456145e-04	2.778150e-05	5.666650e-05	1.525640e-04
616	25	16	0	6.178544e-03	3.523310e-04	7.948100e-05	5.700650e-05	8.066050e-05	1.389490e-04	2.686000e-05	5.401550e-05	1.496770e-04
617	25	17	0	6.147573e-03	3.378905e-04	7.285850e-05	4.749650e-05	7.777950e-05	1.324885e-04	2.611850e-05	5.150250e-05	1.466405e-04
618	25	18	0	6.112136e-03	3.245225e-04	6.672400e-05	3.883200e-05	7.514350e-05	1.263090e-04	2.521250e-05	4.910000e-05	1.437225e-04
619	25	19	0	6.074798e-03	3.120630e-04	6.079750e-05	3.070550e-05	7.146650e-05	1.203125e-04	2.369500e-05	4.668650e-05	1.411185e-04
620	25	20	0	6.035216e-03	3.003540e-04	5.522350e-05	2.311900e-05	6.759600e-05	1.147435e-04	2.206800e-05	4.444050e-05	1.384060e-04
621	25	21	0	5.992116e-03	2.886325e-04	5.002750e-05	1.576750e-05	6.495200e-05	1.096925e-04	2.117250e-05	4.252650e-05	1.348970e-04
622	25	22	0	5.946799e-03	2.773485e-04	4.539500e-05	8.994500e-06	6.302950e-05	1.050275e-04	2.078550e-05	4.079150e-05	1.311215e-04
623	25	23	0	5.900553e-03	2.667280e-04	4.118600e-05	2.881000e-06	6.039800e-05	1.001335e-04	2.016350e-05	3.879000e-05	1.280425e-04
624	26	0	0	5.354483e-03	6.919745e-04	2.656885e-04	3.293775e-04	1.551860e-04	3.203335e-04	8.799900e-05	1.191310e-04	5.848650e-04
625	26	1	0	5.469482e-03	6.657260e-04	2.548330e-04	3.027795e-04	1.516570e-04	2.955155e-04	7.142350e-05	1.103385e-04	5.228205e-04
626	26	2	0	5.571832e-03	6.395045e-04	2.431135e-04	2.775015e-04	1.474205e-04	2.731715e-04	5.739450e-05	1.026580e-04	4.668645e-04
627	26	3	0	5.685104e-03	6.139140e-04	2.291720e-04	2.544240e-04	1.423500e-04	2.560245e-04	4.855150e-05	9.697950e-05	4.175495e-04
628	26	4	0	5.836892e-03	5.884780e-04	2.115635e-04	2.332435e-04	1.364480e-04	2.452815e-04	4.649300e-05	9.354850e-05	3.721960e-04
629	26	5	0	5.972775e-03	5.637050e-04	1.942135e-04	2.132580e-04	1.305205e-04	2.359705e-04	4.586950e-05	9.040250e-05	3.314545e-04
630	26	6	0	6.051724e-03	5.400830e-04	1.801945e-04	1.940410e-04	1.251865e-04	2.242740e-04	4.251650e-05	8.614200e-05	2.957560e-04
631	26	7	0	6.119518e-03	5.172350e-04	1.666010e-04	1.761100e-04	1.198965e-04	2.136795e-04	4.019000e-05	8.234550e-05	2.634530e-04
632	26	8	0	6.179301e-03	4.951845e-04	1.532860e-04	1.593700e-04	1.146790e-04	2.043235e-04	3.892350e-05	7.902400e-05	2.342640e-04
633	26	9	0	6.215309e-03	4.741125e-04	1.413610e-04	1.433970e-04	1.098195e-04	1.947415e-04	3.699250e-05	7.545250e-05	2.083410e-04
634	26	10	0	6.231817e-03	4.542500e-04	1.307395e-04	1.284875e-04	1.052970e-04	1.853630e-04	3.482800e-05	7.184600e-05	1.857850e-04
635	26	11	0	6.243620e-03	4.349890e-04	1.204550e-04	1.143925e-04	1.008205e-04	1.766510e-04	3.327400e-05	6.852100e-05	1.650025e-04
636	26	12	0	6.247968e-03	4.167295e-04	1.108220e-04	1.013735e-04	9.654500e-05	1.685370e-04	3.207900e-05	6.545500e-05	1.582240e-04
637	26	13	0	6.241050e-03	3.993790e-04	1.019980e-04	8.919050e-05	9.253850e-05	1.604715e-04	3.060900e-05	6.241450e-05	1.568520e-04
638	26	14	0	6.224235e-03	3.831980e-04	9.409650e-05	7.799950e-05	8.866250e-05	1.527805e-04	2.904500e-05	5.948150e-05	1.549990e-04
639	26	15	0	6.203649e-03	3.674480e-04	8.655750e-05	6.720400e-05	8.450950e-05	1.456145e-04	2.778150e-05	5.666650e-05	1.525640e-04
640	26	16	0	6.178544e-03	3.523310e-04	7.948100e-05	5.700650e-05	8.066050e-05	1.389490e-04	2.686000e-05	5.401550e-05	1.496770e-04
641	26	17	0	6.147573e-03	3.378905e-04	7.285850e-05	4.749650e-05	7.777950e-05	1.324885e-04	2.611850e-05	5.150250e-05	1.466405e-04
642	26	18	0	6.112136e-03	3.245225e-04	6.672400e-05	3.883200e-05	7.514350e-05	1.263090e-04	2.521250e-05	4.910000e-05	1.437225e-04
643	26	19	0	6.074798e-03	3.120630e-04	6.079750e-05	3.070550e-05	7.146650e-05	1.203125e-04	2.369500e-05	4.668650e-05	1.411185e-04
644	26	20	0	6.035216e-03	3.003540e-04	5.522350e-05	2.311900e-05	6.759600e-05	1.147435e-04	2.206800e-05	4.444050e-05	1.384060e-04
645	26	21	0	5.992116e-03	2.886325e-04	5.002750e-05	1.576750e-05	6.495200e-05	1.096925e-04	2.117250e-05	4.252650e-05	1.348970e-04
646	26	22	0	5.946799e-03	2.773485e-04	4.539500e-05	8.994500e-06	6.302950e-05	1.050275e-04	2.078550e-05	4.079150e-05	1.311215e-04
647	26	23	0	5.900553e-03	2.667280e-04	4.118600e-05	2.881000e-06	6.039800e-05	1.001335e-04	2.016350e-05	3.879000e-05	1.280425e-04
648	27	0	0	5.354483e-03	6.919745e-04	2.656885e-04	3.293775e-04	1.551860e-04	3.203335e-04	8.799900e-05	1.191310e-04	5.848650e-04
649	27	1	0	5.469482e-03	6.657260e-04	2.548330e-04	3.027795e-04	1.516570e-04	2.955155e-04	7.142350e-05	1.103385e-04	5.228205e-04
650	27	2	0	5.571832e-03	6.395045e-04	2.431135e-04	2.775015e-04	1.474205e-04	2.731715e-04	5.739450e-05	1.026580e-04	4.668645e-04
651	27	3	0	5.685104e-03	6.139140e-04	2.291720e-04	2.544240e-04	1.423500e-04	2.560245e-04	4.855150e-05	9.697950e-05	4.175495e-04
652	27	4	0	5.836892e-03	5.884780e-04	2.115635e-04	2.332435e-04	1.364480e-04	2.452815e-04	4.649300e-05	9.354850e-05	3.721960e-04
653	27	5	0	5.972775e-03	5.637050e-04	1.942135e-04	2.132580e-04	1.305205e-04	2.359705e-04	4.586950e-05	9.040250e-05	3.314545e-04
654	27	6	0	6.051724e-03	5.400830e-04	1.801945e-04	1.940410e-04	1.251865e-04	2.242740e-04	4.251650e-05	8.614200e-05	2.957560e-04
655	27	7	0	6.119518e-03	5.172350e-04	1.666010e-04	1.761100e-04	1.198965e-04	2.136795e-04	4.019000e-05	8.234550e-05	2.634530e-04
656	27	8	0	6.179301e-03	4.951845e-04	1.532860e-04	1.593700e-04	1.146790e-04	2.043235e-04	3.892350e-05	7.902400e-05	2.342640e-04
657	27	9	0	6.215309e-03	4.741125e-04	1.413610e-04	1.433970e-04	1.098195e-04	1.947415e-04	3.699250e-05	7.545250e-05	2.083410e-04
658	27	10	0	6.231817e-03	4.542500e-04	1.307395e-04	1.284875e-04	1.052970e-04	1.853630e-04	3.482800e-05	7.184600e-05	1.857850e-04
659	27	11	0	6.243620e-03	4.349890e-04	1.204550e-04	1.143925e-04	1.008205e-04	1.766510e-04	3.327400e-05	6.852100e-05	1.650025e-04
660	27	12	0	6.247968e-03	4.167295e-04	1.108220e-04	1.013735e-04	9.654500e-05	1.685370e-04	3.207900e-05	6.545500e-05	1.582240e-04
661	27	13	0	6.241050e-03	3.993790e-04	1.019980e-04	8.919050e-05	9.253850e-05	1.604715e-04	3.060900e-05	6.241450e-05	1.568520e-04
662	27	14	0	6.224235e-03	3.831980e-04	9.409650e-05	7.799950e-05	8.866250e-05	1.527805e-04	2.904500e-05	5.948150e-05	1.549990e-04
663	27	15	0	6.203649e-03	3.674480e-04	8.655750e-05	6.720400e-05	8.450950e-05	1.456145e-04	2.778150e-05	5.666650e-05	1.525640e-04
664	27	16	0	6.178544e-03	3.523310e-04	7.948100e-05	5.700650e-05	8.066050e-05	1.389490e-04	2.686000e-05	5.401550e-05	1.496770e-04
665	27	17	0	6.147573e-03	3.378905e-04	7.285850e-05	4.749650e-05	7.777950e-05	1.324885e-04	2.611850e-05	5.150250e-05	1.466405e-04
666	27	18	0	6.112136e-03	3.245225e-04	6.672400e-05	3.883200e-05	7.514350e-05	1.263090e-04	2.521250e-05	4.910000e-05	1.437225e-04
667	27	19	0	6.074798e-03	3.120630e-04	6.079750e-05	3.070550e-05	7.146650e-05	1.203125e-04	2.369500e-05	4.668650e-05	1.411185e-04
668	27	20	0	6.035216e-03	3.003540e-04	5.522350e-05	2.311900e-05	6.759600e-05	1.147435e-04	2.206800e-05	4.444050e-05	1.384060e-04
669	27	21	0	5.992116e-03	2.886325e-04	5.002750e-05	1.576750e-05	6.495200e-05	1.096925e-04	2.117250e-05	4.252650e-05	1.348970e-04
670	27	22	0	5.946799e-03	2.773485e-04	4.539500e-05	8.994500e-06	6.302950e-05	1.050275e-04	2.078550e-05	4.079150e-05	1.311215e-04
671	27	23	0	5.900553e-03	2.667280e-04	4.118600e-05	2.881000e-06	6.039800e-05	1.001335e-04	2.016350e-05	3.879000e-05	1.280425e-04
672	28	0	0	5.354483e-03	6.919745e-04	2.656885e-04	3.293775e-04	1.551860e-04	3.203335e-04	8.799900e-05	1.191310e-04	5.848650e-04
673	28	1	0	5.469482e-03	6.657260e-04	2.548330e-04	3.027795e-04	1.516570e-04	2.955155e-04	7.142350e-05	1.103385e-04	5.228205e-04
674	28	2	0	5.571832e-03	6.395045e-04	2.431135e-04	2.775015e-04	1.474205e-04	2.731715e-04	5.739450e-05	1.026580e-04	4.668645e-04
675	28	3	0	5.685104e-03	6.139140e-04	2.291720e-04	2.544240e-04	1.423500e-04	2.560245e-04	4.855150e-05	9.697950e-05	4.175495e-04
676	28	4	0	5.836892e-03	5.884780e-04	2.115635e-04	2.332435e-04	1.364480e-04	2.452815e-04	4.649300e-05	9.354850e-05	3.721960e-04
677	28	5	0	5.972775e-03	5.637050e-04	1.942135e-04	2.132580e-04	1.305205e-04	2.359705e-04	4.586950e-05	9.040250e-05	3.314545e-04
678	28	6	0	6.051724e-03	5.400830e-04	1.801945e-04	1.940410e-04	1.251865e-04	2.242740e-04	4.251650e-05	8.614200e-05	2.957560e-04
679	28	7	0	6.119518e-03	5.172350e-04	1.666010e-04	1.761100e-04	1.198965e-04	2.136795e-04	4.019000e-05	8.234550e-05	2.634530e-04
680	28	8	0	6.179301e-03	4.951845e-04	1.532860e-04	1.593700e-04	1.146790e-04	2.043235e-04	3.892350e-05	7.902400e-05	2.342640e-04
681	28	9	0	6.215309e-03	4.741125e-04	1.413610e-04	1.433970e-04	1.098195e-04	1.947415e-04	3.699250e-05	7.545250e-05	2.083410e-04
682	28	10	0	6.231817e-03	4.542500e-04	1.307395e-04	1.284875e-04	1.052970e-04	1.853630e-04	3.482800e-05	7.184600e-05	1.857850e-04
683	28	11	0	6.243620e-03	4.349890e-04	1.204550e-04	1.143925e-04	1.008205e-04	1.766510e-04	3.327400e-05	6.852100e-05	1.650025e-04
684	28	12	0	6.247968e-03	4.167295e-04	1.108220e-04	1.013735e-04	9.654500e-05	1.685370e-04	3.207900e-05	6.545500e-05	1.582240e-04
685	28	13	0	6.241050e-03	3.993790e-04	1.019980e-04	8.919050e-05	9.253850e-05	1.604715e-04	3.060900e-05	6.241450e-05	1.568520e-04
686	28	14	0	6.224235e-03	3.831980e-04	9.409650e-05	7.799950e-05	8.866250e-05	1.527805e-04	2.904500e-05	5.948150e-05	1.549990e-04
687	28	15	0	6.203649e-03	3.674480e-04	8.655750e-05	6.720400e-05	8.450950e-05	1.456145e-04	2.778150e-05	5.666650e-05	1.525640e-04
688	28	16	0	6.178544e-03	3.523310e-04	7.948100e-05	5.700650e-05	8.066050e-05	1.389490e-04	2.686000e-05	5.401550e-05	1.496770e-04
689	28	17	0	6.147573e-03	3.378905e-04	7.285850e-05	4.749650e-05	7.777950e-05	1.324885e-04	2.611850e-05	5.150250e-05	1.466405e-04
690	28	18	0	6.112136e-03	3.245225e-04	6.672400e-05	3.883200e-05	7.514350e-05	1.263090e-04	2.521250e-05	4.910000e-05	1.437225e-04
691	28	19	0	6.074798e-03	3.120630e-04	6.079750e-05	3.070550e-05	7.146650e-05	1.203125e-04	2.369500e-05	4.668650e-05	1.411185e-04
692	28	20	0	6.035216e-03	3.003540e-04	5.522350e-05	2.311900e-05	6.759600e-05	1.147435e-04	2.206800e-05	4.444050e-05	1.384060e-04
693	28	21	0	5.992116e-03	2.886325e-04	5.002750e-05	1.576750e-05	6.495200e-05	1.096925e-04	2.117250e-05	4.252650e-05	1.348970e-04
694	28	22	0	5.946799e-03	2.773485e-04	4.539500e-05	8.994500e-06	6.302950e-05	1.050275e-04	2.078550e-05	4.079150e-05	1.311215e-04
695	28	23	0	5.900553e-03	2.667280e-04	4.118600e-05	2.881000e-06	6.039800e-05	1.001335e-04	2.016350e-05	3.879000e-05	1.280425e-04
696	29	0	0	5.354483e-03	6.919745e-04	2.656885e-04	3.293775e-04	1.551860e-04	3.203335e-04	8.799900e-05	1.191310e-04	5.848650e-04
697	29	1	0	5.469482e-03	6.657260e-04	2.548330e-04	3.027795e-04	1.516570e-04	2.955155e-04	7.142350e-05	1.103385e-04	5.228205e-04
698	29	2	0	5.571832e-03	6.395045e-04	2.431135e-04	2.775015e-04	1.474205e-04	2.731715e-04	5.739450e-05	1.026580e-04	4.668645e-04
699	29	3	0	5.685104e-03	6.139140e-04	2.291720e-04	2.544240e-04	1.423500e-04	2.560245e-04	4.855150e-05	9.697950e-05	4.175495e-04
700	29	4	0	5.836892e-03	5.884780e-04	2.115635e-04	2.332435e-04	1.364480e-04	2.452815e-04	4.649300e-05	9.354850e-05	3.721960e-04
701	29	5	0	5.972775e-03	5.637050e-04	1.942135e-04	2.132580e-04	1.305205e-04	2.359705e-04	4.586950e-05	9.040250e-05	3.314545e-04
702	29	6	0	6.051724e-03	5.400830e-04	1.801945e-04	1.940410e-04	1.251865e-04	2.242740e-04	4.251650e-05	8.614200e-05	2.957560e-04
703	29	7	0	6.119518e-03	5.172350e-04	1.666010e-04	1.761100e-04	1.198965e-04	2.136795e-04	4.019000e-05	8.234550e-05	2.634530e-04
704	29	8	0	6.179301e-03	4.951845e-04	1.532860e-04	1.593700e-04	1.146790e-04	2.043235e-04	3.892350e-05	7.902400e-05	2.342640e-04
705	29	9	0	6.215309e-03	4.741125e-04	1.413610e-04	1.433970e-04	1.098195e-04	1.947415e-04	3.699250e-05	7.545250e-05	2.083410e-04
706	29	10	0	6.231817e-03	4.542500e-04	1.307395e-04	1.284875e-04	1.052970e-04	1.853630e-04	3.482800e-05	7.184600e-05	1.857850e-04
707	29	11	0	6.243620e-03	4.349890e-04	1.204550e-04	1.143925e-04	1.008205e-04	1.766510e-04	3.327400e-05	6.852100e-05	1.650025e-04
708	29	12	0	6.247968e-03	4.167295e-04	1.108220e-04	1.013735e-04	9.654500e-05	1.685370e-04	3.207900e-05	6.545500e-05	1.582240e-04
709	29	13	0	6.241050e-03	3.993790e-04	1.019980e-04	8.919050e-05	9.253850e-05	1.604715e-04	3.060900e-05	6.241450e-05	1.568520e-04
710	29	14	0	6.224235e-03	3.831980e-04	9.409650e-05	7.799950e-05	8.866250e-05	1.527805e-04	2.904500e-05	5.948150e-05	1.549990e-04
711	29	15	0	6.203649e-03	3.674480e-04	8.655750e-05	6.720400e-05	8.450950e-05	1.456145e-04	2.778150e-05	5.666650e-05	1.525640e-04
712	29	16	0	6.178544e-03	3.523310e-04	7.948100e-05	5.700650e-05	8.066050e-05	1.389490e-04	2.686000e-05	5.401550e-05	1.496770e-04
713	29	17	0	6.147573e-03	3.378905e-04	7.285850e-05	4.749650e-05	7.777950e-05	1.324885e-04	2.611850e-05	5.150250e-05	1.466405e-04
714	29	18	0	6.112136e-03	3.245225e-04	6.672400e-05	3.883200e-05	7.514350e-05	1.263090e-04	2.521250e-05	4.910000e-05	1.437225e-04
715	29	19	0	6.074798e-03	3.120630e-04	6.079750e-05	3.070550e-05	7.146650e-05	1.203125e-04	2.369500e-05	4.668650e-05	1.411185e-04
716	29	20	0	6.035216e-03	3.003540e-04	5.522350e-05	2.311900e-05	6.759600e-05	1.147435e-04	2.206800e-05	4.444050e-05	1.384060e-04
717	29	21	0	5.992116e-03	2.886325e-04	5.002750e-05	1.576750e-05	6.495200e-05	1.096925e-04	2.117250e-05	4.252650e-05	1.348970e-04
718	29	22	0	5.946799e-03	2.773485e-04	4.539500e-05	8.994500e-06	6.302950e-05	1.050275e-04	2.078550e-05	4.079150e-05	1.311215e-04
719	29	23	0	5.900553e-03	2.667280e-04	4.118600e-05	2.881000e-06	6.039800e-05	1.001335e-04	2.016350e-05	3.879000e-05	1.280425e-04
